8
8
48.8851 2.29787
48.8812 2.29171
48.8732 2.29712
48.8747 2.30349
48.8675 2.30123
48.8663 2.30763
48.8851 2.30702
48.8821 2.31561
14
48.848 2.25455
48.8499 2.26569
48.8417 2.25902
48.8356 2.26133
48.8504 2.2733
48.856 2.27761
48.8462 2.27952
48.836 2.27812
48.8353 2.26836
48.8639 2.27196
48.8698 2.27661
48.8553 2.28953
48.8637 2.28769
48.8626 2.29382
13
48.8648 2.31759
48.8572 2.31877
48.8627 2.33747
48.8545 2.33686
48.8695 2.33405
48.8746 2.33136
48.8744 2.33817
48.8693 2.32371
48.8758 2.32292
48.8873 2.33731
48.8818 2.32823
48.8909 2.31973
48.8958 2.33099
19
48.8983 2.35931
48.8913 2.3618
48.8845 2.36077
48.8904 2.35454
48.879 2.34724
48.8693 2.35241
48.8765 2.35589
48.8739 2.38951
48.8678 2.39625
48.8763 2.37965
48.8784 2.37424
48.8684 2.3749
48.871 2.36592
48.8911 2.37372
48.886 2.38216
48.8976 2.38572
48.9002 2.38008
48.8833 2.39493
48.8905 2.39628
10
48.8232 2.33552
48.8315 2.33503
48.8278 2.32673
48.8203 2.32571
48.8259 2.3452
48.817 2.34412
48.8344 2.34553
48.8409 2.34098
48.8362 2.32542
48.8413 2.33182
13
48.8285 2.29663
48.8341 2.29531
48.83 2.30313
48.84 2.29754
48.8381 2.28771
48.8304 2.3138
48.8233 2.31135
48.8522 2.29931
48.8603 2.30098
48.8539 2.31118
48.8406 2.31496
48.8469 2.31195
48.8504 2.32461
13
48.8515 2.36375
48.8588 2.37036
48.8457 2.37203
48.8459 2.35058
48.8448 2.35698
48.8596 2.35259
48.8554 2.34597
48.8225 2.37294
48.8291 2.37794
48.8299 2.3677
48.8166 2.36456
48.8273 2.35905
48.8224 2.35534
10
48.8354 2.39788
48.84 2.39165
48.8342 2.38722
48.8497 2.38733
48.8496 2.38114
48.8462 2.411
48.8416 2.40488
48.8528 2.40661
48.8489 2.39933
48.8618 2.4058

