200
48.8661 2.33123
48.8956 2.38325
48.8792 2.3629
48.8784 2.34187
48.8492 2.33903
48.8589 2.37625
48.9015 2.36006
48.8376 2.31097
48.843 2.25636
48.8363 2.3944
48.8518 2.33869
48.8525 2.4067
48.8244 2.33114
48.8471 2.31196
48.8285 2.3581
48.8562 2.31502
48.8737 2.32252
48.8466 2.29966
48.8316 2.35923
48.8827 2.36983
48.8515 2.40628
48.8527 2.36781
48.8334 2.35422
48.8278 2.29243
48.8741 2.29817
48.8642 2.30154
48.8281 2.36894
48.8372 2.30012
48.8587 2.31979
48.8723 2.33261
48.8668 2.31023
48.8366 2.3825
48.8554 2.29663
48.8337 2.28988
48.8644 2.28237
48.8946 2.34715
48.8902 2.34326
48.885 2.34727
48.8531 2.32533
48.87 2.34117
48.8465 2.27766
48.898 2.35256
48.8926 2.34378
48.8666 2.28011
48.8971 2.35889
48.854 2.28908
48.8307 2.31175
48.8473 2.28384
48.8806 2.32474
48.8331 2.38745
48.8601 2.34341
48.8652 2.38501
48.8475 2.29477
48.888 2.35618
48.8548 2.3361
48.8873 2.29753
48.8715 2.30252
48.8678 2.40374
48.8544 2.28865
48.8931 2.3852
48.833 2.33599
48.8481 2.30152
48.8974 2.32417
48.8843 2.35542
48.8225 2.34678
48.8321 2.33955
48.8419 2.38939
48.8339 2.35985
48.8922 2.34609
48.8323 2.30662
48.8737 2.30651
48.848 2.2631
48.8712 2.33235
48.8933 2.30381
48.8366 2.30104
48.8693 2.32371
48.8357 2.31128
48.8318 2.3567
48.8326 2.37099
48.8489 2.40545
48.8831 2.28744
48.8725 2.3479
48.8562 2.36576
48.8451 2.29755
48.8711 2.37669
48.8665 2.34016
48.8559 2.40405
48.8558 2.36848
48.8432 2.34959
48.8412 2.32344
48.8468 2.31664
48.8731 2.34509
48.8505 2.26027
48.8734 2.38259
48.8841 2.33755
48.8338 2.36034
48.8931 2.36342
48.8709 2.35878
48.8602 2.40703
48.8753 2.31472
48.8161 2.344
48.8876 2.30476
48.8616 2.35372
48.871 2.36082
48.8668 2.30129
48.8576 2.35759
48.8262 2.35726
48.882 2.34213
48.8601 2.37303
48.8448 2.38343
48.8319 2.35532
48.8272 2.38553
48.8998 2.38803
48.842 2.37165
48.8568 2.37047
48.8288 2.32938
48.86 2.31311
48.8561 2.34279
48.8736 2.33532
48.8624 2.31987
48.8556 2.27022
48.8552 2.37035
48.8839 2.37769
48.8513 2.33379
48.8695 2.27139
48.8582 2.35816
48.8499 2.34364
48.8848 2.32279
48.8961 2.33184
48.8409 2.34714
48.8525 2.37681
48.8684 2.27867
48.8479 2.26019
48.8623 2.30195
48.8356 2.37331
48.8655 2.3561
48.8631 2.34167
48.8318 2.3407
48.8568 2.366
48.8765 2.34617
48.8707 2.37817
48.8643 2.36866
48.8537 2.36166
48.8699 2.36073
48.8498 2.34595
48.8397 2.40024
48.8958 2.34138
48.8557 2.30763
48.8811 2.34086
48.8756 2.31894
48.8777 2.3106
48.8786 2.40113
48.884 2.30868
48.8422 2.35266
48.8468 2.26985
48.8601 2.37557
48.8781 2.2842
48.8515 2.29492
48.85 2.34899
48.8978 2.35917
48.8499 2.27717
48.8691 2.36437
48.9005 2.37034
48.8432 2.37104
48.8595 2.34876
48.8245 2.32831
48.8342 2.35555
48.8608 2.3412
48.8871 2.38675
48.8418 2.31449
48.8228 2.32659
48.8351 2.36901
48.8427 2.29879
48.8735 2.29424
48.8622 2.36043
48.8569 2.29893
48.8648 2.36476
48.8688 2.2735
48.8413 2.26615
48.8698 2.34059
48.8499 2.30115
48.8888 2.39313
48.8354 2.39788
48.8508 2.3756
48.8335 2.36147
48.8917 2.3824
48.8391 2.29147
48.8289 2.33006
48.8503 2.30555
48.8864 2.39394
48.8517 2.33529
48.8412 2.28084
48.8953 2.32408
48.8995 2.34753
48.84 2.29036
48.8299 2.37715
48.8408 2.2634
48.8749 2.31848
48.8823 2.39611
48.893 2.38411

