8
29
48.8665 2.27153
48.8626 2.26801
48.8582 2.27527
48.8528 2.27584
48.8514 2.27286
48.8461 2.27745
48.8583 2.28442
48.8558 2.28523
48.8721 2.2842
48.8674 2.28073
48.866 2.28183
48.8772 2.28371
48.8793 2.28646
48.8779 2.2879
48.8788 2.27832
48.8546 2.28888
48.8503 2.2901
48.8556 2.29691
48.8517 2.29595
48.8531 2.29792
48.8679 2.2906
48.8665 2.28991
48.8654 2.29432
48.8718 2.29536
48.865 2.29985
48.8648 2.3056
48.8563 2.30274
48.8575 2.30536
48.8596 2.30116
17
48.8607 2.41117
48.8633 2.41488
48.8686 2.40426
48.8651 2.40505
48.8656 2.40662
48.8621 2.39951
48.8604 2.40624
48.8787 2.40164
48.8565 2.39418
48.8489 2.39606
48.8351 2.40823
48.8389 2.39745
48.8382 2.39942
48.8455 2.41082
48.8442 2.4141
48.8497 2.41118
48.8513 2.4109
21
48.8512 2.38449
48.8538 2.38156
48.859 2.38126
48.8568 2.37786
48.8533 2.37872
48.8533 2.37641
48.8531 2.36967
48.8473 2.37528
48.8494 2.37762
48.8373 2.37145
48.8446 2.3691
48.8322 2.3773
48.8405 2.37929
48.8372 2.38354
48.8291 2.39045
48.839 2.38926
48.8256 2.37459
48.8227 2.37738
48.8262 2.35993
48.8215 2.35874
48.8206 2.36599
30
48.8999 2.38762
48.894 2.38366
48.8849 2.37963
48.8828 2.38246
48.8861 2.38986
48.8751 2.38927
48.8793 2.38434
48.8738 2.38285
48.8696 2.37836
48.8703 2.37677
48.8742 2.37736
48.8678 2.38274
48.8642 2.38023
48.8777 2.37033
48.866 2.37079
48.8648 2.36452
48.8762 2.35885
48.8774 2.36137
48.8712 2.35817
48.8705 2.35956
48.8707 2.35651
48.8712 2.3626
48.8727 2.36112
48.8863 2.36283
48.8866 2.36907
48.8945 2.37063
48.8973 2.35888
48.896 2.35929
48.8933 2.35958
48.8868 2.35486
22
48.8313 2.31636
48.8284 2.31718
48.8293 2.31921
48.8244 2.32583
48.8267 2.32714
48.8264 2.32949
48.8287 2.32428
48.8451 2.31112
48.8475 2.31232
48.8489 2.30931
48.848 2.31974
48.8414 2.31366
48.8432 2.31669
48.836 2.3187
48.8374 2.31856
48.8288 2.30763
48.8272 2.30458
48.8285 2.30326
48.8319 2.30447
48.8394 2.30082
48.8386 2.30676
48.8404 2.30425
29
48.8594 2.35046
48.8617 2.34121
48.8464 2.3472
48.8445 2.34531
48.8487 2.34291
48.8557 2.36021
48.8511 2.3513
48.8492 2.35591
48.8504 2.32773
48.8478 2.32523
48.8459 2.33138
48.8561 2.32722
48.8511 2.33072
48.8526 2.33315
48.8521 2.33702
48.8279 2.35137
48.8273 2.34699
48.8307 2.34835
48.8326 2.34701
48.8391 2.35097
48.8341 2.35572
48.8401 2.33657
48.835 2.33219
48.8335 2.33425
48.8322 2.33065
48.8304 2.33669
48.8261 2.34134
48.8269 2.33863
48.8215 2.33388
12
48.8472 2.25851
48.8527 2.26166
48.8378 2.25957
48.8392 2.25484
48.8341 2.27733
48.8272 2.29213
48.8288 2.29502
48.8403 2.28588
48.841 2.28932
48.839 2.28256
48.8466 2.29404
48.8399 2.29273
40
48.8688 2.31012
48.8714 2.31197
48.8744 2.32273
48.88 2.29884
48.8814 2.30163
48.8747 2.30349
48.884 2.29361
48.8964 2.31042
48.8931 2.31579
48.8879 2.31112
48.8818 2.31116
48.8866 2.31846
48.8823 2.33696
48.8835 2.33879
48.8799 2.34023
48.8861 2.34263
48.885 2.34047
48.8838 2.34357
48.8902 2.34405
48.8896 2.34048
48.884 2.33234
48.8822 2.33336
48.8846 2.32965
48.8871 2.3339
48.8873 2.33722
48.896 2.33086
48.893 2.32746
48.8993 2.34236
48.8955 2.33989
48.893 2.34079
48.8767 2.33946
48.8744 2.33817
48.8698 2.34287
48.8716 2.33387
48.8736 2.33532
48.8679 2.33627
48.8758 2.34373
48.8774 2.34671
48.8794 2.34576
48.8749 2.34807

