8
1
4516
1
4516
1
4516
1
4516
695
4516
7281
2751
2239
3878
2364
3216
7851
2723
6665
11316
7782
4633
6531
9521
9828
2446
6
8020
2694
5537
7885
9476
6103
6836
5182
7635
9499
2315
10918
3009
4670
9375
5453
1110
5927
4656
9267
2902
2919
10846
5346
10462
3790
4726
7757
8917
3797
744
10167
1335
2048
6733
4370
4601
6538
7207
8067
677
467
11201
2750
3776
2274
222
8902
199
3440
6081
8077
5964
10103
10684
2017
9895
6551
5571
5328
4158
6551
5571
4349
10185
9734
104
1684
11047
4158
6551
9895
1311
11006
626
199
8902
222
10665
3000
9282
2681
2530
6083
3608
5354
3803
4137
6235
6928
37
7860
1061
1919
9701
11031
821
8949
10626
6667
85
2505
6379
10741
5208
475
8721
11340
2919
11323
610
65
10727
1950
7688
10074
2051
1172
8046
6959
9149
2967
3371
6515
10792
6366
9906
10918
2315
9499
4680
2037
6103
33
668
94
7955
10283
5359
872
5186
2261
10904
2352
5906
3498
6157
7425
3577
7485
6585
5788
2952
390
4211
4516
7281
2751
2239
7075
8109
9480
9224
2890
4501
8399
8401
5819
9855
1786
4581
10057
2144
6125
3611
7610
5953
10241
7392
9074
155
3924
9098
1018
3295
3625
9124
5515
9544
4079
1359
8147
335
5141
1461
9210
10278
1906
15
8309
7921
9501
1722
3468
8927
4699
2954
8741
1308
316
3846
10063
8310
9559
10553
5352
9721
3475
5517
10700
3013
9242
5878
5106
10466
676
427
3238
4005
5125
7895
4655
8519
3125
10683
5387
3456
1124
3355
7439
3142
5836
1388
5721
5985
986
8862
2106
234
3512
5724
10239
4385
10600
4190
588
3741
7784
8113
5168
5624
6497
3477
5166
9571
940
10849
5603
4081
3076
4567
10065
8706
6614
7153
5136
1427
10826
2675
6641
10500
6768
1225
2591
323
8339
4752
4659
1446
1534
8167
7819
10788
38
7466
6429
3654
2403
7469
8665
4408
10244
6914
9725
1826
887
5466
432
6261
5028
595
7914
7047
9084
1303
9187
3513
1561
3091
6896
9088
7482
1881
8810
9130
5361
1561
3513
9187
1015
8116
4770
7601
9744
3501
11157
2955
2652
10941
2999
6117
9601
8557
8445
6196
1078
2465
6756
5872
1785
4966
7555
7461
5882
655
1768
7461
5882
7020
9374
6071
7810
3424
3025
7433
1035
8986
424
9904
6078
3133
351
662
4467
2304
7488
5746
2908
7774
6066
9676
8085
1682
4159
6554
6677
1598
1245
6471
10146
3630
10620
9781
10288
692
5930
2833
112
8488
1735
1857
10114
6187
10218
6847
3666
7679
4307
4184
2111
2780
4754
4460
8161
3407
6902
10390
9911
5611
2432
10900
10895
11217
1625
7217
1168
4666
4307
4184
2111
2780
4754
4460
7110
562
815
7115
7471
8957
10390
9911
5611
10514
6294
6127
2219
9779
9023
5180
4982
3240
5776
10270
8797
3072
7471
8957
10390
9911
5611
2432
10900
10895
11217
1625
7217
1168
4666
4307
4184
2111
7337
8412
1809
792
3195
3358
6841
2821
8148
2660
2296
781
5679
7887
166
7234
5679
7887
166
10803
9822
481
2308
7690
9822
11347
6111
481
4957
5752
7092
6328
895
7271
6328
2472
10955
1680
1231
9117
10955
1680
895
7271
6328
2472
3281
450
5213
11112
3267
7623
6489
3267
2158
6489
9132
4868
6964
4968
7234
8001
7130
6207
781
9150
7702
2296
781
6207
7130
8001
7401
4868
6964
7623
3267
2158
450
5213
2910
2308
7690
10803
9822
11347
9827
10490
6111
481
4957
5752
7092
6328
2472
10955
1680
1231
9117
2370
10000
9216
3281
450
5213
2910
5752
7092
6328
2472
10955
1680
1231
9117
2370
10528
7677
1231
9117
2370
10528
9403
1162
3628
8577
1162
3628
7175
3123
2617
4722
10000
9216
3281
450
5213
11112
4968
7234
8001
9274
10912
1229
4058
9274
10912
1229
4058
9724
7972
9724
9709
10358
275
9216
3281
450
5213
11112
4968
7234
8001
9274
10912
1229
7427
4133
4776
8148
11322
10189
314
3101
11322
314
11322
10189
6458
2821
6841
3195
792
10334
10178
696
9139
4376
1073
10863
1592
3632
2067
1107
10334
10178
696
9139
4376
1073
10863
1592
3632
4432
2067
1107
3358
4050
4516
7281
2751
2239
7075
8109
9480
9224
2890
4501
8399
8401
5819
9855
1786
4581
10057
2144
6125
3611
7610
5953
10241
7392
9074
155
3924
9098
1018
3295
3625
9124
5515
9544
4079
1359
8147
335
5141
1461
9107
4195
764
9000
330
8830
880
10645
9107
4195
764
3789
6425
880
10645
330
9000
764
3789
1348
5386
158
6425
3789
1348
5386
158
10278
1906
15
8309
7921
9501
1722
3468
8927
4699
2954
11074
10076
440
2923
5775
8222
6267
2346
84
2836
5015
10553
5352
9721
3475
6281
9510
7137
683
7224
10410
2686
1346
3132
4930
7298
10869
5106
10466
676
427
3238
4005
5125
7895
4655
8519
3125
10683
8777
7717
3784
11193
5056
7035
4557
4664
8977
7436
18
8305
5878
7985
7224
10410
2686
1346
1883
7298
10869
5106
10466
676
427
3238
4005
5125
7895
4655
8519
3125
3109
124
4625
7081
8555
4813
8402
1898
3529
6128
628
7720
2217
8895
4500
7044
8546
6148
6948
10725
2128
4455
9118
1411
6113
11211
6148
1955
9064
2341
209
1927
8898
10725
2128
4455
9118
1411
6113
11211
6148
8546
7044
1611
287
8732
3720
1318
4804
9606
702
3158
3794
3360
10854
1565
9134
2565
6638
1784
491
5502
6687
6965
703
2686
10410
2491
1358
8328
9416
522
2020
7936
10209
1973
5789
3858
5709
9638
2536
10221
1211
10672
8874
4094
4380
1258
2113
10484
9308
9160
2312
3860
10310
10992
5134
377
722
5558
1081
10735
712
3619
9858
5109
1415
8392
6288
11033
6257
5648
9037
8920
2600
3638
10628
2097
7211
3568
55
2696
9332
7432
8388
9013
2982
10655
10427
8549
2648
2600
10793
1370
2558
11341
1415
9858
3619
8478
1081
722
377
5134
10992
10310
6321
1264
1833
2954
8741
1308
316
3846
10063
8310
10092
8825
8741
1308
316
3846
10063
8310
9559
10553
5352
9721
3475
5517
10700
3013
9242
5878
5106
10466
676
427
3238
4005
5125
7895
4655
8519
3125
10683
5387
3456
9183
7079
332
3142
332
8572
3355
7439
3142
5836
79
10090
1854
4921
1013
2374
8788
5616
4279
498
6480
9939
578
3337
10406
578
3337
9545
10451
5712
4530
4971
9517
7854
4969
2801
263
5351
3837
977
498
6480
9939
578
3337
9545
2801
263
5351
3837
977
10084
8843
3053
4294
5439
760
10949
3053
4294
5439
8066
1827
3456
1124
6993
8965
760
10949
2623
9967
7187
1920
1739
4687
1013
1438
4219
1033
6833
5907
4477
9384
4603
3670
6480
9939
578
3337
10406
3896
1132
8162
6678
7528
8417
11177
5564
4991
981
2369
9365
183
9305
6906
8944
1594
9176
9356
9811
6529
4073
7686
9958
164
5378
4533
6529
1594
9176
9305
183
9365
2369
7237
669
9811
6529
1594
9176
9356
669
10906
5534
7145
10671
8950
3873
6555
8880
10487
2543
50
4157
5564
4991
1681
8349
8880
10487
2543
1681
8349
9116
2746
10671
5378
4533
6529
1594
3935
7686
9958
6683
3190
9289
7066
4638
7864
9913
2135
10807
5168
1620
6497
3477
1530
3709
1933
4284
5375
7424
6982
588
3741
7784
615
9913
2135
8113
1933
4284
10652
4856
1987
7483
4765
3541
4959
9104
4856
7005
5375
7424
6982
473
2348
612
3368
1341
5724
1070
10584
4454
1444
4226
4415
6883
4454
1444
4226
4415
1033
6833
5907
4477
9384
8162
6678
2959
3086
4477
9384
4603
3670
5616
4279
498
6480
9939
578
3337
9545
10451
5712
4530
4971
9517
3239
5455
7854
4969
2801
263
5351
3837
977
10084
8843
3053
4294
5439
8066
1827
7448
4625
7081
9728
7794
11159
3605
8555
4813
8402
9254
3826
1898
3826
6128
628
7154
3556
6406
791
10165
3605
11159
757
8519
3125
10683
8777
10732
3784
11193
5056
7035
6234
1362
3128
7118
4667
4557
7035
6234
4110
10254
1014
10676
1014
3234
9546
6898
7010
653
4142
4110
9241
10254
5919
3234
5919
6898
5919
11283
8509
7010
8509
9887
653
9887
6454
11283
6454
9241
4142
9241
4110
6234
1362
3788
1014
3234
9546
1388
5721
5985
986
8862
2106
234
3512
5724
10239
4385
10600
8332
543
9979
10398
8944
6686
3176
8912
9979
10398
2453
6683
3190
9289
10878
7066
4638
1622
1897
4934
8483
8765
697
10113
4934
8483
7450
5427
329
1748
1824
1748
9964
5427
329
164
5378
4533
4073
7686
9958
6683
329
5427
4636
3785
3180
1622
1897
10807
5168
5624
6497
3477
10113
106
10113
697
9309
3062
10210
5734
8976
143
162
922
6270
2586
5392
3802
8268
4228
3062
10210
5734
7974
2174
1062
8661
10210
5734
8976
7792
5480
10964
737
11032
9570
6857
778
5802
5480
10964
737
11032
5802
5480
10964
737
4814
798
7061
4692
4275
10091
1298
8219
4261
6788
1298
8219
4261
6788
6431
10091
1298
8219
8764
2614
10275
190
1301
1202
7080
4427
3312
4140
1301
1202
7080
5471
7496
1165
5130
4427
3312
1726
9797
5130
4427
7080
5471
4261
6788
6431
11307
3023
798
3023
11032
737
4814
194
10889
3185
7127
9078
8545
9771
482
5275
9968
311
5275
9968
311
6521
9055
11145
2250
3876
7792
2174
1062
8661
7974
2174
778
5802
5480
2250
6270
5392
3802
8268
4228
3062
8144
8786
7296
2585
2695
7231
8765
8483
7450
3785
3180
1622
1897
10807
5168
5624
6497
3477
5166
9571
4997
106
3802
8268
4228
3062
10210
5734
8976
7792
5480
10964
194
492
5100
4692
4275
7061
4275
2423
3042
2470
8868
7127
8545
9771
11206
1352
10708
11183
7881
3938
1705
8753
1143
794
2675
6641
3910
2709
10826
1427
794
2675
3910
2709
10826
2675
6641
10500
6768
10677
11125
1225
2591
2149
2688
11247
5413
9485
6548
5547
3403
5653
5582
6797
478
9844
4478
2338
9127
5547
3403
5653
3324
631
4478
2338
9127
1536
9485
6548
5757
1984
10695
9360
8165
7440
1222
5757
6548
5547
3403
4304
2489
10783
488
11325
3292
4791
7440
6856
10783
488
11325
3292
7023
5464
6757
3378
9573
10511
8842
5464
4815
1930
7912
1969
8
2554
9199
1534
8167
7819
10788
38
7466
6429
5445
9835
3439
7466
9019
3432
5217
74
9125
6839
5905
274
3340
9382
4752
4659
1446
2554
9199
3747
1840
4197
2905
6415
5851
664
6757
3378
9573
8966
3203
10932
3310
8619
7372
3211
8618
9605
8619
2190
7681
7372
3211
5370
1075
5592
10649
8471
7465
2342
8525
208
125
1863
5887
3684
3066
1563
6795
8163
6795
5367
6915
9200
9605
8619
7372
1075
6098
8297
10649
8471
7465
2342
8525
5592
1075
7372
8619
2190
7681
6098
8297
4996
8297
4701
7681
2190
10932
4642
4914
45
8745
4914
45
8333
8383
8012
5997
8718
5503
4742
5653
5582
8836
9003
245
888
4400
8333
8383
8012
5997
8718
5503
4742
5653
3324
478
7352
4686
8919
11043
9690
10220
2230
5862
11150
1136
10654
2105
10217
2069
9762
2069
8860
3563
5753
4763
5242
1577
10819
9380
4232
5242
1577
10819
10275
3966
1667
10263
7512
254
8753
1143
3830
984
9976
984
4986
11339
509
7274
8983
10615
8983
8613
123
5862
11150
1136
548
2228
729
10703
2228
548
11339
4986
11181
729
10703
3493
10703
729
10311
1577
10819
10275
3966
1667
10368
4275
2423
3042
2470
8868
7127
8545
9771
482
6749
2118
8287
9741
7881
3938
1705
3740
8709
5487
10842
9237
8706
6614
7153
2442
11014
7683
1485
1379
3502
10589
5105
5510
1693
2629
10924
4629
7064
8837
10924
4629
10391
5105
5510
1693
2629
10924
4629
7064
1379
3502
11345
2091
10182
5894
6727
9136
1
10500
6768
10677
10053
1989
11125
1225
2591
323
5847
5287
10853
4124
2091
10182
5894
6727
9136
1
10500
6768
10677
10053
5070
10071
1989
11125
1225
2591
323
8339
4752
4659
1446
2554
9199
3747
1840
1489
1930
7912
1969
11203
4752
4659
1446
1534
8167
7819
74
9125
8167
7819
74
9125
6839
5905
274
9382
4752
4659
1446
2554
785
3747
1840
4197
5710
5285
5710
5851
664
5285
4815
1930
7912
1969
8
9660
1489
1930
7912
1969
8
9660
7912
1969
7589
2898
428
2898
7589
10695
9360
8165
7440
6856
10783
488
8012
5997
8718
5503
4742
5653
3324
478
9844
631
3403
5653
3324
478
7352
4686
8919
11043
9690
3040
8613
123
5862
11150
1136
10654
2105
10217
2069
8860
3563
5753
6362
4763
5242
1577
10819
10275
3966
1667
6075
6689
3938
2667
8301
5150
2423
3042
2470
8868
7127
8545
9771
11206
2470
8868
7127
9078
6521
9055
6537
9524
10964
5480
2250
4081
267
7422
7059
1530
3477
5166
9571
940
10849
5603
7422
3069
6776
1521
6442
5332
4893
2378
4199
1454
267
4081
3076
4567
1953
10387
8114
9968
311
6521
9055
11145
2250
4081
3076
4567
1953
10387
8114
3076
4567
7003
4199
1454
267
7422
3069
6776
1521
6442
5332
939
267
7422
3069
6412
439
4765
3541
6412
439
4765
7483
9104
4959
1530
3709
10652
4856
7005
5375
7424
6982
473
2348
612
3368
7958
9194
8934
10973
7958
9194
6118
2106
234
3512
5724
1070
10584
4454
1444
4226
6906
8944
1594
3935
10398
8944
1594
9176
9356
9811
7145
10671
8950
3873
9116
8349
1681
4991
981
7528
6678
2959
3086
4477
5907
2374
4687
1013
1438
6833
5907
2374
4687
7089
10084
8843
3053
4294
5439
8066
1827
7448
4625
7081
8555
4813
8402
9254
8987
4813
8820
9807
6084
9465
8066
1827
3456
1124
3355
7439
3142
5836
1388
5721
5985
986
8862
2106
234
3512
5724
10239
4385
10600
4190
588
3741
7784
8113
5168
5624
6497
3477
5166
9571
940
10849
5603
4081
3076
4567
10065
8706
6614
7153
2442
8014
9389
7158
9238
3829
9238
3620
6043
3829
9389
7158
985
11014
7683
1485
6203
9572
9776
2709
10826
2675
6641
10500
6440
4119
2847
3079
269
2847
9976
9594
246
1629
4119
6440
1629
4119
2847
3079
509
7274
11296
11051
11296
9321
4686
8919
11043
9690
3040
9321
8983
8613
123
5862
11150
10615
548
10109
10654
2105
10217
3493
6362
4763
5242
1577
10819
9380
190
1301
1202
8764
2614
10275
3966
1667
10263
10311
729
11181
6562
3830
6562
254
7512
6075
6689
3938
1705
3740
8709
5487
3277
721
9237
10842
5487
3277
721
5136
1427
10826
2675
6641
246
9594
1629
4119
2847
3079
269
10249
1536
9485
5413
4356
11247
2688
2149
8888
10249
269
11051
2338
9127
5547
3403
4304
8718
5503
4400
8333
45
8745
9200
9605
8618
9622
4175
886
5183
10749
5592
8525
208
10749
5370
1249
5183
125
1863
5887
8163
4175
1249
8618
9622
4175
886
5887
3684
10736
9908
1863
5887
470
7829
5929
118
1753
8210
6193
9553
4114
7390
3976
1320
9007
4869
9393
217
4407
7829
5929
118
10685
9434
9393
9434
6448
1753
8210
6193
6320
10569
4167
1663
9094
1235
594
10349
4761
5586
3245
9094
1235
1302
9883
11093
10619
9883
11093
11163
594
10349
4761
1256
7446
5194
1880
8614
3994
2406
8207
9007
9491
3592
3994
8614
1880
5194
7446
1256
8374
1843
8207
1843
8374
5586
3245
1320
3976
6448
1753
8210
6193
6320
10569
5406
4346
4724
10536
9931
6316
5650
9931
6316
5650
11067
5028
8897
3572
7840
7240
7
4908
8769
4908
7052
8373
1664
7840
7240
5946
3572
7840
7240
7
3997
8210
6193
6320
9341
3997
8769
5929
8210
6193
9553
4114
1753
8210
6193
6320
10569
4167
9553
6193
6320
10569
4167
1663
7390
3976
6448
1753
8210
6193
6320
10569
5406
4346
4724
10536
5314
9563
6316
5650
11067
5028
595
4302
6972
2012
11337
4496
4248
1573
3388
1188
790
6389
8158
1869
1206
8092
2104
4881
7619
9841
2104
8092
8866
6326
11310
1462
5135
10705
1869
1206
6450
7813
11111
4255
8289
9744
3501
11157
8289
9744
4881
7619
7813
11111
4255
8289
9744
3501
3092
1988
8143
1988
10284
9610
7601
9744
4881
7619
9841
6450
5017
6119
1205
9704
11109
1602
7244
1299
10078
11109
1602
7244
9654
8557
9601
6117
1299
10078
11109
1602
2966
4913
4386
11219
4784
9965
8639
2102
5748
1998
7949
8725
6136
9077
6669
3336
4
7414
4
9581
6155
11140
582
9940
6834
7198
5081
3258
9168
10428
10794
9063
7489
9168
10428
10794
10552
417
9972
6775
765
417
9972
6775
7495
4166
2519
6468
4523
595
7914
7047
2497
6169
9445
4578
11137
5770
3225
8318
2073
2651
6647
9445
7047
9084
11137
5770
2928
412
1015
8116
4770
7601
4881
172
2389
10080
443
3225
8318
2687
8785
2389
10080
443
3225
8318
2073
2651
6647
5677
3469
6930
11274
7015
10067
5135
10705
8866
6326
11310
1462
2687
8785
443
3225
8318
2073
2651
6647
5677
3469
7691
1909
4848
7914
160
4024
10385
8227
1909
10261
6930
4192
6647
5677
3469
7691
4945
2497
6169
3469
7691
4945
8227
10385
1176
160
8728
10385
8728
1176
8728
4024
4848
7914
4346
4724
5406
10569
6320
9341
5946
3572
8897
5028
595
4302
4618
6437
4618
4302
799
2012
11337
4496
8829
7364
10617
6972
2012
11337
4496
4248
3908
10838
8829
7364
2706
4933
6437
7767
765
417
9972
6822
3116
213
5339
7495
4166
11092
7767
765
417
10552
4933
2706
10838
3908
9063
7489
1573
3388
1188
790
6389
3772
6155
11140
582
9940
3388
1188
4805
257
10261
257
11274
7015
10067
5135
10705
1869
1206
6450
5017
6119
1205
9704
11109
1602
2966
8725
6136
6600
5957
1905
7051
7919
5017
6119
1205
9704
10420
7996
1205
9704
11109
1602
7244
9654
4913
2966
4386
11219
4784
3639
6004
1060
3639
9965
8639
2102
4677
399
10605
5748
1998
7949
11219
4784
3639
6004
6196
1078
431
3208
8556
2084
1321
8960
3944
8556
8639
2102
5748
1998
1076
5271
9152
7878
7458
1329
1368
8692
10960
713
6054
3454
3133
351
662
4467
7356
4716
2065
4900
5746
2908
7774
7874
6012
1368
8692
2883
1321
8960
2252
1947
7810
3424
4585
7108
10938
3133
351
4413
5606
17
9640
10523
10359
4716
2304
7488
2065
7701
6554
4159
1682
1860
7874
6012
3073
8029
3415
9152
7878
8029
3415
9804
9152
9804
5856
1076
5856
5271
9152
7878
7458
1329
1368
426
10086
6054
3454
662
4467
2304
7488
5746
2908
7774
6066
9676
8085
1682
3068
4727
3796
8112
6677
1598
1245
6401
1163
2597
10146
11293
1500
5323
10620
9781
10288
692
5930
7655
1240
1273
6357
10620
2307
3701
8622
9348
4153
9781
10288
7591
4153
9781
10288
692
5930
7655
7566
1733
8270
2707
1882
7823
1537
6340
3694
11038
2707
1882
7823
1537
9956
1363
6187
3134
6395
5124
3760
10983
5590
1537
6340
3694
1882
7823
1537
9956
1363
3134
6395
5124
3760
10983
10830
3492
3259
9421
375
8267
9155
3259
9421
3848
375
8267
5177
9946
11002
2432
10900
3801
3392
10895
11217
1625
7217
1168
4666
4307
4184
2111
2780
4754
5600
7042
1961
7217
1168
10933
3666
7679
4307
4184
9139
9310
2594
4246
1073
10863
1592
3632
4432
10178
696
3173
7337
9616
2780
4754
4460
8161
3407
4939
7042
1961
8929
11217
1625
7217
1168
4666
7679
3969
1712
5318
9039
11196
4246
1073
867
2792
9575
1290
1494
2988
5815
11196
4246
1073
867
10458
11196
4246
1073
10863
867
2792
4295
5815
11196
4246
1073
867
2792
4295
10458
11196
4246
4376
10178
696
3173
7337
8412
7151
7318
9616
2780
4754
5600
4939
6902
10390
9911
6013
8957
10390
9911
5611
10514
9779
9023
5180
4982
5834
9483
7968
5180
4982
3240
753
8705
1502
3240
5776
10270
8797
8982
1800
4030
10270
8797
3072
815
7115
7110
4015
7427
4133
3188
10912
1229
7427
792
3195
3358
6841
2821
8148
2660
4425
4776
8148
11322
3101
3339
9668
7702
2296
781
6207
4425
3188
7130
8001
9274
10912
1229
4058
9724
9709
10358
8193
9357
4030
753
8705
7875
8705
1502
9483
5834
4982
3240
5776
9023
9779
10514
6294
6127
2219
6294
6127
6013
8957
10390
9911
5611
2432
10900
10895
11217
7856
1090
5708
833
5177
9946
9155
3259
9421
3848
1090
5708
3392
10895
11217
1625
7217
1168
4666
4307
4184
9139
9310
2594
3969
10711
8804
6847
3666
7679
4307
4184
2111
2780
4754
4460
7110
562
815
7115
8161
8957
10390
9911
5611
2432
10900
3801
833
5177
9946
9155
3259
9421
3848
1090
7856
1625
7217
1168
10933
9566
4239
10983
5590
7823
1537
9956
1363
6187
7618
10445
2163
4218
9683
2163
4218
9683
5301
7671
2726
8804
6847
10218
6187
10114
1857
1735
8488
112
661
2476
8737
1405
11016
5629
8885
1253
8622
3580
9317
2008
8629
2008
1922
7216
11275
9140
6403
7754
11156
7656
2201
3728
7286
7928
3384
2957
8539
3354
6424
10928
8636
7426
6787
5593
7924
5593
6787
10928
6424
3354
635
10509
6470
8539
3354
635
10509
115
7024
9431
5398
7594
485
1918
6348
8606
484
7999
4872
10551
5279
3939
5311
9745
7999
4872
10551
1706
57
5279
10551
5629
8885
1253
8629
484
7999
4872
10551
5629
8885
9348
2117
2476
8737
1405
11016
2842
2970
8576
8385
1735
8488
112
2833
11038
7566
1733
8270
2707
8416
4233
8270
2707
1882
2596
368
8416
4233
8270
2707
1882
7823
1537
9956
1363
3134
6395
9956
1363
6187
7618
10114
1857
6340
3694
8488
112
2833
5930
7655
692
5930
7655
1240
1273
8674
6357
10620
2307
3701
8622
3580
11139
8107
11275
9140
3968
9498
7754
3968
9337
10159
6017
7001
622
3471
4324
622
3471
4324
9784
7842
6612
5861
8208
1830
7048
6612
5447
7484
3050
782
5861
8208
1830
7048
7842
9784
2840
451
6517
11154
5833
10159
2840
451
9402
233
10523
10359
1695
706
10417
1598
6677
6554
7701
10359
1695
706
10417
10979
5214
3283
1747
3630
1259
5602
3524
11139
8107
3692
4640
9337
10159
6017
7001
5296
622
3471
7656
2201
1948
3728
7286
7928
3384
2957
374
2642
6470
8539
3354
635
10509
115
7024
9431
5398
7594
917
9681
6676
635
10509
115
7024
917
9681
115
7024
9431
5398
3691
6977
5231
9859
8443
3590
1478
7942
10098
3590
1478
1922
7216
11275
9140
9498
6403
5621
4825
374
10098
7942
4825
374
2642
780
9859
5231
9431
5398
3691
6977
8606
484
7999
4872
10551
5629
8885
8737
1405
8576
8385
661
2362
2117
2476
8737
1405
8576
2970
7267
4218
9683
5301
7600
6439
10833
3939
5311
10551
5629
8885
9348
8622
3580
9317
7464
11139
8107
3692
3283
1747
3630
1259
5551
2307
3701
8622
3580
5551
1259
3630
11293
1500
5323
10547
10026
10547
1500
11293
10146
6471
10979
5214
3283
1747
3630
11293
2597
1163
4229
2540
4220
6604
9311
8398
2212
4623
3117
2092
2335
1039
999
2153
10030
999
2153
11106
10434
7314
4887
8925
556
9897
8899
8244
1439
8899
1439
8244
6484
8579
6484
5845
6484
556
5845
9897
10404
6604
9311
8398
9068
4476
4623
3117
5565
11079
213
3116
1039
6822
3116
1039
999
2153
10030
10199
2335
1039
999
2153
11106
10434
7314
4887
8925
3912
8579
9001
6827
9129
2540
4220
6604
9311
8398
9068
5892
11049
9585
4476
4623
3117
5565
4546
8348
1976
11079
5565
4546
8348
1976
5339
7495
4166
11092
6468
4523
595
7914
7047
9084
1303
412
1015
8116
4770
2731
3091
6896
9088
7482
1881
8810
10097
9314
5890
9474
9514
648
2349
10962
3096
5890
9474
9514
648
4036
2349
10962
3096
11344
9314
5890
9474
9514
648
2349
10962
3096
11344
3409
8568
9714
7544
10097
9314
5890
9474
9514
648
2349
10962
3096
11344
3409
9953
8568
9714
2134
7544
10097
9314
5890
9474
9514
648
2349
10962
3096
11344
3409
8568
9953
9130
5361
1561
3091
5739
3289
2200
1568
4299
3289
2200
8242
8484
9610
7601
9744
4881
7619
9841
6450
5017
6119
1905
7051
9581
6155
11140
582
3336
6669
6600
5957
7414
1905
7919
5017
6119
11111
4255
2652
10941
3554
2390
7950
2955
2652
10420
7996
11111
4255
2652
10941
2999
6117
1299
10078
10941
3554
6490
2999
6117
9601
8557
8445
6196
4615
2164
4615
6196
1078
2465
6756
5872
809
7174
6756
5872
1785
10047
809
1947
5286
713
10938
3133
6078
7108
10938
3133
351
1465
7356
4716
2065
4900
7774
6066
9676
8085
6066
9676
8085
1682
3068
4727
4771
8021
1860
8021
4771
7343
9032
3445
10434
3445
9032
7198
6834
9077
5902
3073
6012
3893
426
10086
6054
3454
662
4467
2304
7488
5746
2908
3893
426
10086
10960
10048
2252
7174
2465
6756
5872
1785
10047
10563
7987
6071
7810
3424
3025
214
7433
1035
8986
10471
10640
1807
9410
10274
424
9904
1035
8986
11149
1807
9410
9809
4757
4470
2313
3236
2714
750
4470
605
9915
7438
6567
3530
3010
6567
3530
3010
5326
7820
10606
5742
3141
4388
8562
6523
903
5671
6197
364
7920
9195
1599
10505
8859
8295
2552
1599
9195
9662
6197
9662
10505
8859
8295
5639
9749
711
10729
711
9749
8295
5639
11162
4631
1104
4375
8694
545
9985
5639
2455
10173
11162
2241
4436
4631
1104
8524
5535
8694
1566
11174
11179
1768
655
2990
11179
11174
4985
11135
117
1035
8986
11149
5656
5185
10772
5535
10874
1566
8694
545
9985
11285
4310
545
9985
5639
2455
10095
10173
2241
2425
459
2328
4436
11007
8524
5535
10874
4985
11135
8564
2990
11179
1768
7461
5882
4178
10563
7987
7020
9374
6071
7810
3424
3025
7433
1035
8986
11149
5656
5185
117
1035
8986
424
9904
4585
5286
10048
2883
10605
399
4677
2084
1321
8960
3944
2465
6756
5872
1785
4966
10047
10563
4178
7555
7461
5882
7020
9374
5114
3424
3025
214
8564
5114
8564
11135
10772
10106
3888
7179
4076
7711
10486
4998
10309
6494
2769
1200
6272
9915
4794
1200
6272
9915
4794
6494
2769
6110
4076
9688
11007
7710
10106
3888
7179
3606
2730
3888
6272
9915
4794
6494
2769
6110
10486
4998
7908
4812
10309
4998
10486
7711
5337
2076
1591
2425
1591
7908
8562
6523
903
8859
8295
5639
11162
10173
10095
6523
3141
4388
5651
4812
3643
3530
3010
5326
5651
5326
3010
3530
6567
7438
3084
8340
3562
5628
605
6726
4391
3888
6272
6726
4757
4470
2313
3562
5628
3084
5628
3562
2313
7484
3050
8528
782
5861
8208
1830
7048
6612
5447
3236
2714
2100
4641
7077
2100
4641
7077
9784
2840
339
750
5838
884
9809
4391
10401
9278
5656
5185
10772
10106
10401
9278
9410
10274
5968
4413
351
1465
5606
17
9640
2583
9402
233
2583
9402
451
6517
11154
1688
2052
10359
1695
6554
706
2079
3022
4640
9337
10159
6017
7001
622
3471
4324
9784
7077
4641
3236
2714
750
5838
3138
339
750
5838
884
10274
5968
4269
17
9640
7356
4716
2065
4900
4159
3796
8112
9001
6827
9129
1163
6401
8112
6677
6554
706
2079
3022
5833
10159
6017
7001
5296
7656
2201
1948
6010
3656
7928
3384
2957
374
2642
780
8443
3590
1478
7942
4825
5621
7286
6010
3656
7928
3384
2957
2018
9526
7426
6787
10928
8636
2018
9526
7426
6787
10928
8636
8539
3354
635
10509
115
7024
9431
5398
3691
6348
1918
2988
5311
9745
484
7999
4872
10551
1706
2842
1706
57
2542
7267
4218
9683
5301
7671
2726
4608
9323
1712
5318
9039
6439
10833
2542
7267
2970
10445
2163
4218
9683
5301
7600
4608
9323
10711
8804
6847
10218
4239
10983
5590
368
2596
7823
1537
9956
1363
3134
6395
5124
3760
10983
5590
6746
10830
3492
9566
4239
10983
3760
5124
9956
1363
6187
10114
1857
1735
8488
112
661
2362
7591
10288
692
5930
7655
1240
3251
5956
6168
3060
3251
5956
6168
3060
8674
1273
1240
7655
5930
2833
112
8488
1735
1857
10114
6187
10218
6847
3666
7679
4307
4184
2111
7337
8412
1809
792
10334
3173
7337
9616
2780
4754
4460
7110
4015
7318
9616
2780
4754
4460
7110
562
7972
8982
1800
8193
2617
3123
7175
3628
9403
8577
1162
4722
3564
4516
1032
3655
7680
579
6194
11153
5788
2952
8617
989
2895
1545
10379
3919
11072
4675
6072
8042
8213
5025
4739
7351
916
8593
7930
6531
9521
6049
2195
3548
3586
8213
5025
9646
10379
10573
3919
4351
9646
10573
4351
8042
2856
8224
9484
3671
766
6311
9002
1917
9493
872
5186
7992
8065
2418
4756
7905
8065
7132
10367
2418
10994
568
4756
7905
8265
8586
6918
2616
2261
2194
510
8302
3051
4610
5786
5732
10279
10345
4253
7749
3152
4512
5891
6046
8008
5086
6434
4115
6500
5268
8882
5252
704
5507
3391
10343
3313
11020
7951
4253
7749
3152
4512
5891
6046
8008
151
10566
4258
10377
10231
3588
11101
8156
8662
4177
4270
10541
725
6615
362
2551
5472
2551
362
6615
8008
151
8662
4177
4270
725
6615
4512
5891
6046
5086
6434
1141
99
5891
6046
8008
151
10566
336
7879
7859
336
1582
7859
1582
7879
3081
10377
2589
9740
3588
2633
3081
987
2589
987
9740
3588
2633
10231
3588
11101
8156
10647
624
4177
4270
725
6615
4512
5891
6046
5086
6434
1141
99
9634
3349
8681
6500
5268
8882
5252
704
5507
8681
6500
5268
8882
5252
704
5507
3391
10343
9634
3349
10343
3313
11020
7951
5587
6176
523
11073
4285
3209
8824
3758
8276
9488
11191
4756
7905
8065
7132
4657
7992
8065
7132
10367
33
3520
8020
2694
5537
3520
8020
6
7197
2593
547
1367
2593
547
1367
3113
2415
10720
3534
2150
9521
9828
3723
2446
6049
3459
668
94
7955
3548
10283
423
3586
8084
3106
8213
5025
4739
7351
916
8593
7930
6531
9521
9828
2446
3723
547
1367
3113
3534
2150
4571
1814
6665
8667
7851
3775
1153
3216
7851
2723
6665
11316
7782
4633
6531
2195
3459
668
10367
33
668
94
4657
94
7955
10283
423
8084
5359
872
5186
2261
10904
2352
5906
3498
6157
7425
3577
1996
5904
4864
8098
3820
4700
2225
10407
4306
5807
1219
5807
4977
1267
7201
3237
5330
5353
3820
4700
2225
10407
4306
1267
2225
10407
554
3282
6630
10326
743
6191
6260
10627
9153
6195
8448
10326
743
6195
8448
10326
5527
5623
8756
457
4679
7837
846
10340
6153
3487
1032
3655
7680
397
4679
10360
10088
7485
6158
2420
6157
7425
3577
1996
5904
7333
6777
1119
9438
4864
1848
10088
7485
6158
2420
3671
766
5906
1495
1562
5920
2140
4049
191
4049
5920
2140
1024
5920
5596
3051
4610
5786
5732
6607
6176
523
11020
7951
5587
6176
523
11073
4285
3209
8824
3758
8276
9488
11191
4756
7905
8031
11191
4756
7905
8065
2418
10994
7349
7569
9190
1339
2021
6798
1433
8911
10575
9710
652
4180
6798
1433
8911
652
8911
1433
10079
415
3805
8226
8882
5252
704
5507
3391
7487
3209
8824
3758
8276
9488
11191
4756
7905
8065
2418
10994
568
2098
2969
415
10575
9710
2579
10534
1360
995
3805
8226
8882
5252
704
5507
3391
7487
3209
8824
3758
8276
9488
11191
4756
7905
8065
2418
10994
568
2098
2969
3780
520
568
10994
7934
6836
5182
7635
7096
536
2056
7349
7569
9190
771
9872
7096
536
2056
6654
1371
7569
9190
771
1371
7569
9190
771
9872
6654
9872
7096
536
5182
7635
9499
7096
536
6836
6103
33
668
94
7955
10283
5359
872
5186
2261
10904
2352
5906
3498
6157
7425
7184
3498
6157
7425
7184
9589
3581
8108
6981
8461
225
8889
8189
7658
1996
10088
10360
4679
7837
846
10340
6153
3487
259
3204
10104
678
3070
11053
4014
126
43
1907
6640
6204
4474
9551
1156
10694
5074
6417
8884
9738
1668
127
931
9942
5005
4738
202
4738
5005
8105
3107
11276
9584
1365
2300
2620
9767
2620
4669
202
8252
2685
5009
9515
6147
8421
6560
9478
6100
8141
8853
1065
7637
3510
5020
11288
5798
3280
4953
10991
8485
3207
5373
1872
2397
4431
528
3510
5020
11288
5798
3280
2915
5373
1872
4790
5020
11288
1262
10136
10763
3617
5467
3658
6433
5058
8767
4225
11113
3736
8279
4360
10860
8696
9527
10394
4844
9275
10916
2582
6590
1381
5467
3658
6433
649
264
5058
8767
4225
11113
3736
8279
4360
10860
8696
9527
10394
4844
9275
10916
2582
6590
1381
5467
3617
10763
10136
1262
4035
4953
10991
8485
3207
6062
9446
6167
5320
182
10054
2604
6994
8168
3149
5281
9
9661
1378
5235
9837
4474
4322
7490
7945
10809
7251
6039
8506
4441
2907
3247
7759
8399
2324
4368
5460
4590
4717
2316
7790
5460
147
9928
9480
9224
2890
11103
3227
6926
420
259
3204
10104
678
5765
6765
2933
1020
11134
6782
699
5019
9411
7189
5527
5623
8756
457
7837
846
10340
6153
3487
1032
3655
7680
579
390
10701
458
10576
916
8593
7930
6531
2195
3548
10283
5359
7955
10283
423
8084
3106
8213
5025
4739
7351
916
8593
7930
6531
9521
9828
2446
6
8020
2694
5537
7885
9476
8044
7652
10338
7917
8664
4593
4928
1858
3243
4680
7917
3891
338
6273
10433
8044
7652
10338
7917
3891
338
6273
10433
8011
10338
7917
8664
9531
7417
8664
4593
6934
6380
9378
4670
3009
10918
9906
9312
2021
6515
10792
4999
8531
2967
3371
6515
10792
6366
4670
9375
5453
3095
4999
8531
2967
3371
6515
10792
6366
9906
9312
2021
6366
4670
9375
1027
8787
5197
266
5668
10517
10806
8835
4656
9267
2902
2919
10846
5346
10462
3790
6961
2089
4604
3797
744
2454
5631
10167
10513
211
3039
7152
4902
6611
10213
3218
9221
140
8457
11001
5528
3218
73
7117
3269
5341
73
7117
8917
3797
744
2454
10626
6667
4317
6370
9794
2788
5265
10502
2788
5265
7078
2505
6379
10741
5208
3907
1666
9093
3689
3648
9154
10502
8962
8323
4748
8962
8323
2087
3703
534
8397
507
2087
3703
6185
7956
5737
4639
11340
2919
10846
5346
10462
3790
6961
6379
10741
5208
3907
1666
9093
3689
10741
5208
3907
1666
9093
3689
3648
9154
11117
8962
8323
2087
3703
534
8397
716
823
8397
716
11063
5197
7395
5053
8220
8702
2832
9378
4670
9375
1027
7395
5053
8220
9375
1027
7395
5053
10779
5212
6556
66
9671
6227
4154
11063
823
716
11063
5197
6556
66
9671
6227
5197
10806
8835
4656
9267
2902
2919
10846
6597
8721
10015
4639
11340
2919
10846
5346
10462
3790
4726
3011
411
10083
4348
6901
2375
2255
411
10083
4348
1652
4475
8104
8985
4168
1652
4475
6462
9221
6462
73
7117
3269
5341
10083
4348
1652
4475
8104
9834
9658
6462
4475
8104
8985
4168
8437
5917
5473
8437
5917
5473
6901
2375
1463
6363
1376
7549
7129
10639
610
65
5735
65
10727
1950
7688
10816
4063
10074
2051
1172
8046
6959
5927
1110
5938
1027
7395
5053
10779
7395
5053
6594
1683
11146
3675
9531
7417
8664
4593
6934
6380
11165
2146
6934
3243
4680
2037
7635
9499
2315
10918
3009
4670
9375
1027
7395
5053
1683
2146
11165
2832
9378
4670
3095
4999
8531
2967
231
2108
8190
360
6361
9756
1183
9608
2028
7270
77
2108
8190
360
6361
9756
1183
9608
2028
10021
7270
10021
1360
995
9710
2579
10534
77
2108
8190
360
6361
1665
4733
4463
7663
11245
7241
10282
4188
10934
4063
2051
1172
4656
9267
2902
2919
10846
6597
475
5208
3907
1666
9093
3689
3648
9154
11117
7956
5737
3528
1666
9093
3689
3648
9154
10502
5265
85
3872
4604
3872
6667
3872
10692
2454
5631
2048
6733
4098
10513
7152
744
10692
2454
5631
2048
9898
4841
821
4841
9898
9557
4430
6733
4098
10513
211
2618
866
3811
4371
9590
4826
211
2618
866
3811
9590
4826
5096
9983
3039
7152
744
10167
1335
2048
6733
4370
4601
4265
1928
8796
6538
7207
8067
3608
5354
3803
4137
6235
997
13
1928
8796
6538
4601
4265
7215
13
1928
8796
6538
9876
5992
677
467
11201
2750
3776
1963
10896
4449
2627
467
11201
2750
3776
1963
10896
4449
1813
2627
467
11201
8760
878
8760
2750
3776
1963
10896
4449
1813
2514
8410
694
7911
9621
3489
6715
596
6581
358
1277
10845
9983
3039
7152
744
10167
10513
211
2618
866
1661
9470
3489
6715
596
5828
3156
11326
9066
5797
5771
1559
9669
5389
3156
11326
9066
5797
625
9204
10028
5771
9204
3727
1567
9899
8585
10821
1297
3727
1567
9621
9066
5797
5771
9204
10028
9580
3148
2864
1010
2981
3854
2703
7542
2981
3854
2703
3642
5589
7083
9669
5389
358
1277
1935
3627
10845
9983
3039
7152
744
10167
10513
211
2618
9876
1661
9470
3489
6715
7763
11326
9066
5797
5771
1559
7542
2703
3642
5589
2196
5805
3854
2703
3642
5589
2196
5805
2703
3642
1559
7542
2864
7841
9344
10599
1010
7653
5362
2431
5030
1069
7923
1069
7227
4660
88
7156
4538
7692
5680
3030
10175
9951
1103
3352
400
4566
3906
763
1164
3030
10175
7156
4538
7692
8875
403
4027
9213
6845
9462
11304
5073
2984
496
8405
4003
7103
318
6730
7140
5850
2984
496
3975
2584
5312
10795
3735
4538
7692
8875
403
4027
10795
403
8875
7692
5680
3030
10175
9951
1103
3352
3906
763
9951
1103
3352
400
1069
7072
8585
10821
7841
7131
9344
10599
7653
5362
2431
5030
1069
7072
2767
4660
88
2159
5312
2584
6845
9462
11304
3975
496
8405
10020
4003
7103
4170
6461
318
6730
7170
7140
5850
5073
2984
496
8405
4003
7103
6061
3386
4170
6461
1135
2394
962
8616
718
5490
10861
3881
9319
1600
10861
10675
10129
4599
4526
2931
8616
718
4526
6177
9870
2494
971
11022
6432
4282
1296
11131
4507
4865
4282
7253
7208
7506
11087
1134
8601
7393
380
3099
5793
6946
2353
8902
199
3440
10684
4932
1306
6779
971
11022
6779
1306
11131
4507
4865
11295
11087
1134
8601
7393
380
3099
5793
6946
2353
8902
222
2274
1963
10896
4449
1813
2514
694
7911
9899
8585
10821
1297
10028
9580
11327
2968
3148
2864
7841
7131
7072
2767
6989
10020
4003
7103
6061
3386
11022
6432
1296
11131
4507
10103
10684
2017
4720
7312
6826
7548
8284
1114
10531
1337
5855
5047
6881
5855
5047
6881
6743
4979
5522
7307
10613
134
1458
9582
6329
6579
6960
1600
10861
10675
10129
5490
10861
10675
6897
1458
9582
6329
6579
1804
1777
6367
3274
2699
7825
3274
2699
7825
6477
5385
324
7825
2699
9246
9209
5164
7607
5372
5052
1623
10304
2394
962
8616
718
4526
6177
9870
2494
5579
8010
9921
2299
994
3989
134
1458
9582
6329
6579
6960
10675
10129
4599
3304
5579
8010
9921
2299
994
5948
6392
7548
8284
630
7367
5948
6392
7548
8284
1114
4954
630
7367
3989
134
1458
9582
6329
6579
6960
3624
1777
6367
3274
2699
9746
6572
8559
7268
2826
2062
6206
6796
2826
2062
6206
4584
9548
11195
3421
7331
337
8922
10290
8325
7009
5910
4584
9548
6747
3421
6747
7331
337
8922
10290
8325
7009
5910
2372
4193
6572
8559
7268
5107
1207
10024
9083
2399
1053
10914
9209
9246
2699
489
8063
1560
5372
5052
1623
10304
726
1560
5372
5052
1623
1135
6461
2931
8616
3881
9319
7827
2613
3881
9319
3624
1777
6367
3274
2699
489
2613
8063
1560
5372
5052
7170
5052
1623
10304
2394
962
8616
718
4526
6177
9870
2494
5579
8010
4932
8010
9921
4620
6392
4620
9579
3552
7312
6826
7548
8284
1114
4954
7307
4274
10613
134
1458
9582
6329
6579
1804
3400
6477
5385
2373
4448
9276
7539
8325
7009
5910
337
8922
10290
8325
7009
9276
7539
8510
1719
3957
6477
3400
441
6408
1719
3957
4448
9276
7009
5910
4584
2062
4584
2372
4193
2373
5385
324
9746
8644
10914
9209
3309
8256
10679
636
5073
2984
496
8405
4003
7103
6061
4361
5312
10795
3735
2159
6989
10232
2437
4191
9268
1934
7208
7506
1350
8601
1350
9268
1934
7253
7208
7506
11087
1134
8601
7393
380
3099
7393
380
10232
2437
7253
7208
7506
11087
1134
8601
7393
380
3099
5793
10111
1134
8601
7393
380
3099
5793
6946
7027
4760
4681
7805
11295
11087
1134
8601
7393
380
3099
5793
10111
7027
4760
2353
8902
199
4681
7805
5964
10103
10684
2017
9895
1311
11006
9423
1684
990
1684
11047
4158
6551
5571
4349
776
3978
237
6135
6577
1337
6577
3221
4708
8180
1649
5895
4708
9079
3221
9079
6135
9079
4708
8180
3978
10185
9734
1649
5895
4383
1152
4383
3221
4708
237
776
3978
10185
5328
104
1684
11047
4158
6551
9895
1311
626
199
8902
222
2274
1963
10896
4449
1813
2514
8410
2603
677
878
8672
3608
5354
6083
2530
958
9399
4137
3803
997
13
1928
8796
6538
9876
5992
2603
677
8067
7207
8796
6538
9876
1661
9470
3489
4371
9470
3489
6715
7763
5828
3156
11326
9066
5797
5771
1559
9669
5389
358
1277
1935
4849
7083
9669
5389
358
6581
5096
9983
3039
7152
744
10167
1335
2048
9898
9557
37
7860
11086
8563
3753
1428
2581
7865
1946
9399
4137
6235
6928
9890
5909
4811
4430
6733
4098
1335
2048
9898
9557
37
7860
11086
8563
4627
2581
7865
1946
9399
4137
6235
6928
37
7860
1061
1919
9701
11031
3049
8160
2647
9557
4430
6733
4098
10513
7152
4902
6611
10213
7117
3269
3011
411
10083
4348
6901
2375
1333
5569
3002
7511
5725
3002
7511
2831
6558
10082
7486
8369
5663
1417
1640
604
4918
9351
3103
10208
11090
5740
8914
6444
2772
5663
1417
1640
6975
5740
8914
6444
2772
5663
1417
1640
1943
4320
4918
3607
5635
7689
2050
2511
1818
47
1063
4320
4918
3607
1147
8758
7257
10208
11090
5961
604
4918
3607
5635
2265
2189
4358
487
6361
1665
4733
4463
7663
11245
3587
1237
7241
10282
8770
10816
10934
4063
2051
1172
8046
6959
9149
2967
231
2579
10534
77
2108
8190
360
6361
9756
1183
9608
360
6361
5240
487
4358
2265
2189
2520
1793
2265
2189
8565
7310
3375
9756
2189
2520
9188
7982
7257
10208
11090
5740
8914
6444
2772
2566
8369
7486
2831
6558
5033
10639
610
65
10727
10435
5251
8770
10816
10934
132
8464
1665
4733
10473
2511
5240
1665
4733
4463
7663
6385
1818
47
1063
4320
4918
3607
6041
9413
3631
1063
4320
4918
3607
6041
9413
2050
7689
4358
2265
2189
8565
7310
8817
7981
4905
9539
3744
6507
7981
4905
9539
3744
6854
11216
6507
8817
7981
4905
2625
5001
2625
4905
9539
6854
11216
8565
2189
2520
9188
10840
7982
10840
1793
7257
10208
11090
5961
604
4918
3607
6041
3631
1063
4320
4918
9351
1147
8758
7257
10208
11090
5961
9351
3103
8758
7257
10208
11090
5740
8914
6444
6975
1417
1640
1943
9619
720
1280
796
4419
8998
1630
5033
10639
610
65
10727
8998
1630
8723
796
3751
6003
3587
1237
4419
8998
1630
8723
720
1280
5492
3751
6003
6802
47
7562
9619
720
1280
7562
9619
720
1280
5492
6802
6385
10687
4463
7663
11245
3587
1237
4419
8998
1630
5033
10639
610
11323
2919
10846
5346
10462
3790
4726
7757
8917
3797
10213
3218
9221
140
8457
11226
6464
2115
2872
11001
5528
140
8457
11226
6464
2115
2872
11226
6464
11317
4083
9658
6462
73
7117
8917
3797
744
10167
1335
2048
9898
9557
37
7860
11086
8563
4627
7865
1946
9399
4137
6235
6928
9890
5909
4811
7215
13
1928
8796
6538
4601
4370
4098
10513
7152
4902
6611
10213
7117
3269
3011
1463
6363
1376
10846
5346
10462
3790
1463
6363
1333
5569
3002
7511
5725
8637
5569
3002
7511
5725
8637
7129
7549
11323
5735
1950
7688
9267
2902
2919
10846
6597
8721
10015
3528
1666
3648
9154
4772
7078
2505
6379
4772
7078
2505
2089
7757
3269
3011
1463
6363
1376
8637
7129
10639
610
65
10727
10435
4419
8998
1630
5033
10639
610
65
10727
10435
5251
10282
4188
7663
6385
10687
10473
2511
5240
1665
8464
11324
8185
5189
852
9149
2967
231
2108
8190
5317
11324
8185
5189
852
2869
5317
2869
8185
5189
6959
9149
2967
3371
6515
10792
6366
9906
10918
2315
3243
1858
4928
4593
6934
6380
9378
4670
3095
4999
8531
2967
3371
6515
8531
5927
1110
5938
8787
5197
10806
8835
4656
9267
2902
3229
7771
5668
10517
10806
8835
4656
9267
2902
3229
7771
266
5668
10517
10806
8835
4656
9267
7688
10816
10934
132
8046
6959
9149
2967
3371
1204
4180
6798
1433
10079
520
568
2098
2969
5252
704
5507
3391
7487
3313
11020
7951
4253
1024
5920
5596
3205
10345
4253
1024
5920
5596
3205
10279
5587
6176
523
11073
8438
10292
8586
6918
2616
2261
2194
5654
2616
2261
2194
510
4610
5786
5732
6607
8438
10292
8586
6918
2616
2261
10904
9002
1917
9493
3106
2856
8224
9484
3671
766
6311
8224
9484
6072
8042
2856
1917
9493
872
5186
2261
2194
510
4610
5786
5732
6607
6176
523
11073
4285
10292
8586
6918
2616
2261
2194
510
4610
5786
5732
6607
6176
523
11073
4285
3209
8824
3758
8276
9488
11191
4756
7905
8031
7632
10292
8586
6918
2616
2261
5654
2616
2261
10904
2352
5906
1495
3498
3317
8041
7373
2754
6332
3581
8108
6981
8461
225
8889
8108
6981
5578
8536
6332
3581
9589
7373
2754
6332
3581
8189
7658
7333
6777
1119
6331
5330
5353
3820
4700
2225
10407
4306
1612
4129
6482
3282
6630
10326
5527
10407
554
1612
4129
6482
4994
6819
6699
4418
8448
7093
9016
7721
3479
8212
11262
1020
11134
5765
6765
4014
126
8215
4222
3070
11053
4014
126
8215
4222
6917
9998
5755
11303
3227
6926
420
259
6782
699
5019
6476
4136
1615
9016
7093
10259
4136
7382
2439
10104
6917
9998
2998
6414
7041
4672
2998
6414
8677
7759
3601
11272
10127
1786
4581
10057
2144
6125
3611
7610
5953
10241
7392
9074
155
3924
9098
1018
3295
3625
9124
5515
9544
4079
1359
8147
335
5141
1461
9107
4195
764
9000
8830
880
10645
9210
10278
1906
15
8309
7921
10280
3687
4456
5538
5498
11142
5128
11078
7515
3131
277
5800
11286
3315
5594
10038
7421
4768
6944
5109
1415
9858
3619
8478
1081
722
377
5134
10992
900
4976
10496
723
9435
2312
9160
5743
3443
6215
3064
3768
5743
3443
8825
7313
1833
2954
11074
10076
440
2923
5775
8222
6267
6221
6336
6584
6048
8807
6178
8238
9501
1722
3468
8927
4699
1264
6321
10310
10992
900
4976
6044
346
10158
7659
5843
3757
1590
2045
3328
6265
10967
3082
8093
10059
3682
8090
4143
3020
4946
9792
1547
9538
2702
3549
4936
3683
4951
6848
2400
10352
7050
1638
6542
3503
2778
4668
1855
90
9638
9591
249
10621
7223
4862
8307
565
11242
2491
1358
8328
3420
4862
8307
565
3514
9041
9422
2083
9721
3475
6281
9510
7137
683
6498
3514
9041
9422
2083
9721
3475
5517
10700
3013
9242
5878
5106
10466
10186
8958
2116
3410
6005
2077
4628
6005
2077
4628
7136
2116
7028
10186
8958
676
427
3238
4005
5125
6149
516
10151
4655
8519
3125
10683
5387
3456
9183
5010
8572
3355
7439
79
10090
1854
2218
9967
7187
4921
1013
1438
2343
251
3570
4219
6883
9223
179
6966
10058
6586
5195
3890
1070
10584
9324
179
6966
10058
6586
5195
3890
3512
5724
10239
8332
543
2453
6683
3190
9289
10878
6815
4190
473
2348
612
3368
1341
4385
10598
2348
612
6753
1618
6753
3368
7958
9194
8934
10973
3071
6050
3179
9218
3036
8079
3024
3788
3036
8079
3024
3128
7118
4667
4557
4664
8977
7436
18
8305
5878
7985
7224
10410
2686
1346
1883
4930
7298
10869
5106
10466
676
427
3238
4005
5125
7895
4655
8519
3125
10683
8777
10732
3784
11193
2077
4628
7136
2116
7028
10186
8958
676
427
3238
4005
5125
7895
4655
8519
3125
10683
5387
3456
1124
6993
2218
6993
8965
2623
1820
1920
1739
4687
2374
5907
4477
3086
2959
9365
183
3086
2959
6678
7528
8417
783
1158
9623
5120
783
1158
9623
6293
3865
3566
8368
1008
8055
9644
6285
10690
7954
10506
5712
4530
6285
10690
7954
10506
5712
4530
4971
9644
6285
10690
6293
3865
3566
8368
1008
8898
10725
2128
4455
9118
1411
6113
11211
6148
6948
10448
209
1927
8055
9517
3239
5455
3909
6243
9632
5597
97
4890
7451
7311
8820
1949
5865
3053
9639
1739
4687
2374
8788
4603
2187
7629
619
1132
8162
6678
7528
8417
11177
5860
574
3865
3566
8368
1008
8055
9644
6285
10690
7954
10506
1158
9623
7954
10506
5712
4530
4971
9517
7854
10451
1132
3058
1158
10506
5712
4530
4971
9517
7854
4969
2801
263
1759
8000
1759
5597
97
4890
7451
7311
8820
9807
4294
5439
760
10949
2623
1820
9639
1739
4687
7089
4279
498
6480
9939
2187
7629
619
3896
1132
8162
6678
7528
8417
11177
5564
4991
1681
8349
9116
2746
5534
7145
4533
6529
1594
3935
6683
3190
3180
1622
1897
10807
5168
1620
5624
6497
3477
5166
9571
940
10849
7059
1530
3477
6309
5166
6309
4997
106
3802
8268
922
6270
5392
3802
8268
4228
3062
10210
143
4228
9309
3062
8144
8786
7296
9964
3990
4516
9806
6583
4211
4516
7281
2751
2239
3878
2751
2239
7075
8109
60
8469
7148
1009
8363
2364
3216
6152
4516
4122
7281
2751
2239
3878
2364
3216
7851
3775
5837
11330
1153
10277
11330
1153
3216
6152
7776
10141
9806
6583
10701
458
10576
916
8593
7930
5139
4751
8943
4739
7351
5139
4751
8943
4739
7351
916
8593
7930
6531
2195
4751
8943
4739
7351
916
8593
4633
7782
4571
1814
6665
11316
7782
319
8362
10141
9806
6583
10701
458
8617
989
2895
6585
5788
2952
390
4211
4516
1032
3655
846
10340
699
6476
4136
7382
699
5019
6476
9611
10627
9153
6195
8448
7093
10259
9153
6195
8448
4418
3166
8448
4418
10017
7733
10951
3166
1059
7721
3479
8212
11262
1020
1615
3479
8212
4920
11262
4589
2933
1020
11134
6782
3441
2626
6153
3487
259
420
6926
5755
11303
4501
8399
8401
5819
10127
1786
4581
4594
2510
6670
2324
4368
5460
4590
8778
849
9928
8778
4796
3256
849
8469
3488
10915
11330
1153
10277
5518
7148
8363
5518
1009
8363
2364
3216
7851
2723
11107
10720
1814
6665
8667
6152
7776
10141
9806
6583
10701
458
8617
989
2895
1545
11072
4675
6158
2420
6157
7425
3577
7485
6585
5788
2952
390
6194
11153
397
4679
5610
6502
4318
8098
3820
5926
4318
1848
4864
8098
893
3458
5353
3820
4700
2225
10407
5527
5623
8756
5926
10972
5610
6502
10360
10088
7485
6158
2420
6157
7425
3577
1996
5904
4864
8098
893
6047
9438
4864
8098
3820
4700
3237
5330
366
7201
3237
5330
5353
3458
6047
893
8098
3820
5926
10972
4679
7837
846
10340
6153
3487
259
3204
420
259
6782
699
5019
9411
9611
10627
6260
6191
7189
5527
10407
554
3282
6630
6699
6819
10144
10017
7733
5461
10951
3166
1059
8249
4683
2812
1767
4683
8249
2812
1767
2858
438
8513
3479
8212
8513
438
6943
10656
4920
4147
6640
10809
7251
8747
1907
6640
6204
4020
1822
5281
9
9661
1378
5235
9837
1378
9661
3399
9205
5903
11252
1449
3446
4196
2397
7501
5254
7536
4235
10225
6832
8981
7195
8421
6560
219
2986
9067
719
10860
5419
8279
5698
8831
3736
8279
4360
10860
8696
9527
10394
4844
9275
10841
10176
1381
5467
3658
7288
8441
8767
9206
7300
9206
3200
7430
4564
9206
3200
7430
1213
3736
8279
5698
8831
6364
1213
3736
8279
5193
5940
9332
10953
8195
3105
8708
9984
8081
8646
5940
9332
7432
793
10121
308
3296
10655
10427
8549
2648
6068
2648
2600
7492
3177
4435
10411
9715
5574
3917
6253
7305
10016
7205
10923
8128
1437
7305
10016
1552
7616
7205
10923
7171
3956
9884
1149
8134
1149
6028
7616
1552
7531
1404
11021
7798
11329
4600
8135
2097
10628
3638
2600
7492
10721
6866
3177
4031
476
10765
5933
4435
10411
5648
9037
8920
2600
10793
6257
5648
9037
8920
2600
7492
10721
9338
5942
11329
5942
6866
11021
1404
4031
476
7531
476
10765
3917
5574
5933
4435
8920
2600
3638
9338
4600
8135
2097
10628
3296
10655
10427
4492
2710
6175
8048
759
8388
9013
4492
6068
2600
4493
9778
3953
3486
1387
8574
4171
1656
9778
3953
3486
1387
9256
1740
8048
1740
3868
3955
759
8815
4800
7432
793
2809
2982
10655
10427
8549
8024
3638
10628
3296
10655
10427
4492
2710
1656
9778
3953
3486
1387
9256
7181
3175
1408
297
4800
7432
10121
6016
7211
2097
10628
3296
10655
10427
4492
2710
1656
9778
3953
3486
1387
9256
8315
8048
759
8388
793
2809
308
6016
7211
2097
10628
3296
10655
10427
4492
2710
1656
9778
3953
3486
1387
9256
7181
3143
8169
4831
4379
7602
9892
8811
5116
4831
4379
7602
9892
5630
1385
262
10243
8798
7988
5396
2407
8811
1776
8195
5116
3175
1408
3955
2452
8815
4800
10953
5276
3105
9507
8748
9250
8123
2900
7988
5396
2407
1455
2377
1776
9507
8748
2377
1776
8195
3105
8708
2817
8123
2900
1455
9250
8123
387
8798
7988
1385
262
10243
5072
5778
7650
11155
2685
1419
2484
9569
4731
9942
4635
127
241
4156
6980
2387
11121
2320
6769
2036
10780
7398
10257
4196
7660
6062
1002
8485
3207
6062
9446
6167
5320
857
4647
1128
2003
4773
1548
4647
1128
10272
2003
4773
303
2233
1548
857
4647
1128
10054
6582
9617
10272
2003
4773
9164
11266
303
8338
303
2233
1548
4647
1128
10054
2604
1051
8846
6582
8846
8423
8610
3404
10452
5505
5546
9614
6569
181
6578
9269
6999
9459
11088
2858
1767
4108
1767
3540
11037
3962
8229
3661
7559
8229
3661
11037
3661
7559
5461
10951
3166
1059
7721
438
6943
11124
2639
1418
4990
10887
3729
3404
10452
5546
6569
1067
3518
1067
6578
9269
1418
6999
2639
1418
10887
1418
3729
9269
3729
3404
10452
5505
5546
181
10452
5505
8423
8610
10308
7880
9101
1671
5069
3535
8779
10656
4920
11262
4589
4147
7880
6487
10887
3729
3404
10452
5505
9614
2003
4773
1548
4647
1128
10054
2604
6994
8168
4004
8444
2798
2381
5390
7880
4974
2798
2381
6640
5390
7880
6487
10308
7880
3817
11124
2639
4990
3817
8779
10656
5069
1671
4147
7880
9101
3535
8779
10656
4920
11262
4589
43
5782
4249
126
43
1907
6640
6204
4474
9551
1156
4518
8115
9551
1156
10694
5074
6417
787
9730
8978
10351
8154
3399
9205
5903
11252
8278
9
5281
3149
11105
3149
8168
7735
1738
6911
1449
4339
4221
273
5215
10240
5215
6994
8168
7735
10240
6911
1449
4339
4221
4491
651
5065
182
10786
5215
6994
8168
7735
1738
8278
5903
6769
2036
10780
7536
4235
10225
6832
1570
4949
9478
6100
8141
8853
1065
7637
3510
5020
11288
5798
4035
961
1262
4035
961
10981
10991
8485
3207
5373
7660
11318
5065
182
10786
273
5215
6994
8168
7735
1738
8278
5903
6769
2036
6980
4156
752
931
4731
931
127
1668
2563
2877
3464
2419
7661
3107
11276
5553
1018
3295
3625
2208
1836
4503
9716
9302
6559
3230
8455
8017
10850
8455
8017
5986
538
3315
5594
7287
205
3265
7922
7287
205
10038
7421
4768
6944
3265
9703
11286
3315
9955
7986
1965
1481
7657
2142
5594
7287
7922
3315
9955
262
6559
5026
8429
10614
6371
5986
538
9955
262
10243
5072
5778
2817
8123
387
5072
5051
6624
9059
4503
1312
8252
2685
5009
3712
3856
4529
3930
9263
11036
327
9767
8004
9772
3712
3856
4529
7682
6147
8421
6560
219
7682
4529
3930
4916
719
10860
8696
5419
4225
11113
3736
8279
5193
4084
4360
9263
7650
11155
2685
2231
9515
6147
8421
7195
4484
2231
4484
9456
8886
3884
6979
5935
2732
4235
10225
6979
5935
2732
752
931
127
1668
9738
8884
10593
6633
5867
6633
1696
9730
787
9287
10694
5074
10046
6632
6452
4145
6620
518
5953
10241
7392
9074
4775
7392
8516
2877
3464
2419
7661
3107
11276
9584
4669
202
8252
4731
8252
2685
9456
1419
5079
8886
5079
10771
3884
10771
5935
2732
4235
10225
5254
7536
4235
10225
6832
1570
5050
8981
6560
9478
2781
8404
9141
10150
2986
219
4916
719
10860
8696
9527
10394
4844
9275
10916
2582
6590
1381
5467
6590
2582
10176
5467
3658
8441
8767
4225
11113
3200
7430
4564
264
5058
8767
7300
11113
3736
8279
5193
5940
9332
5276
8646
5940
8773
9442
3078
9442
3568
55
2696
8773
9442
3568
7211
2097
10628
3296
8024
2600
10793
1370
2558
11341
1415
8392
6288
11341
1415
9858
3619
712
6860
4243
7744
10233
5160
8595
9703
11286
3315
9955
7986
1965
1481
7657
2142
7567
4767
9773
8257
4598
998
946
1288
5814
8480
8699
7421
4768
6944
5109
897
7811
1244
2492
7939
9562
7345
9256
62
3868
62
1408
3955
2452
297
4800
10953
5276
8081
8646
4084
9263
11036
327
11155
1312
9736
2965
3295
1018
1672
10808
2493
3585
5036
8684
7453
7745
10250
3271
5468
2929
5541
6895
4909
4069
11281
8157
5701
10871
2991
10775
7745
10250
3271
5468
5541
6895
2510
5819
9855
1786
4581
10057
2144
6063
8782
7273
6452
4145
6063
9451
1786
4581
10057
2144
6125
6620
518
5953
3585
5036
8684
7503
2316
10250
3271
5468
2929
4354
4105
6670
2324
2890
11103
3227
2239
7075
8109
9928
9480
9224
2890
4501
6414
7041
7090
4249
4672
2998
11303
4501
8399
2324
4368
4105
6670
2324
4368
5460
7790
4354
7790
5460
147
9928
9480
9224
601
7572
11103
3227
2239
7075
8109
601
7572
7075
8109
9480
147
5460
4590
4717
10963
7503
7453
7745
10250
3271
5468
5541
6895
4909
4069
4594
9855
1786
4581
10057
2144
6125
3611
7610
10871
2991
8393
10775
8684
7453
7745
10250
3271
5468
5541
6895
4909
4069
7400
10057
2144
6125
3611
518
2602
2877
2563
1668
9738
5867
1696
9730
8978
627
5235
9837
4020
8444
2798
4974
3650
5364
8846
1051
4004
11105
1822
5281
1738
8278
5903
6769
2036
10780
7398
6769
2036
6980
2387
11121
8978
10590
9205
2320
6769
2036
10780
7536
4235
10225
6832
1570
4949
5050
9478
6100
8141
8853
10497
4941
2781
5111
8404
5111
9141
10150
9067
719
10860
8696
9527
10394
4844
9642
10841
3877
9189
1065
7637
4481
9189
10497
6287
9642
54
4941
2781
5111
54
9642
6287
3877
9189
1065
7927
7501
6100
8141
8853
1065
7637
3510
7192
5467
3617
10763
1262
6849
10321
10136
5467
7192
4481
9189
1065
7927
7501
10257
11252
8278
5903
6769
2036
6980
2387
11121
8978
10590
8154
10351
627
5235
9287
10694
5074
10046
4518
8115
3465
3451
1842
7490
2907
3247
811
4441
2907
8102
9451
1786
4581
10057
7400
11281
5701
10871
2991
8393
3271
5468
5541
6895
8157
5701
10871
7610
5953
10241
2602
2877
3464
2419
7661
3107
11276
9584
1365
9846
5553
1018
1672
9098
3924
155
9074
4775
10808
2493
1412
7392
8516
3464
2419
7661
3107
3924
155
7661
4635
127
1668
9738
8884
10593
787
9287
10694
1156
4518
8115
3465
4877
7273
6452
4145
6063
8782
3451
7018
8102
9451
1786
4581
10057
2144
6063
8782
3451
1842
7018
8102
9451
10127
11272
4112
5090
2035
3247
811
8677
7759
8399
8401
3601
11272
4112
8941
5090
2035
8941
4112
5090
2035
3247
811
7090
4249
5782
8747
1907
6640
10809
7251
6039
4249
7090
8506
2889
7945
10809
7251
2889
7945
6204
4474
9551
1156
4518
8115
3465
4877
6632
6452
4145
6620
518
5953
10241
7392
9074
4775
10808
2493
1412
7787
7392
9074
4775
10808
2493
1412
7787
10241
7392
8516
3464
2419
7661
3107
11276
9584
1365
2300
9736
2965
3295
3625
9124
5515
378
9544
4079
1359
8147
58
4079
1359
8147
335
5141
8147
335
1403
9716
3230
5915
1403
3406
5827
8122
1836
2208
9124
5515
9544
4079
1359
8147
335
5141
1461
9210
10278
11243
3457
920
8807
6178
8238
9501
1722
3468
8927
1722
3468
8927
4699
1264
6321
10310
6920
1538
5289
1862
8110
4456
5538
9177
1068
1862
8110
4456
5538
5498
9177
4697
10149
722
5558
1081
383
8604
1137
7977
11300
7659
10158
1601
4780
131
2501
722
5558
1081
8478
712
6860
6602
7744
10233
6908
10337
9858
3619
8478
1081
383
11271
8604
11300
1510
9752
5842
2819
7260
2819
9752
1510
6299
2875
11271
6299
7260
1488
3467
1488
7260
6299
2875
11300
7659
10158
1601
131
4780
7977
1137
2501
722
5558
4023
11078
5128
3131
277
5800
5160
8595
9703
11286
3315
9955
7986
1965
1481
7602
9892
5630
7986
1965
1481
7657
4379
7602
9892
5630
7986
1965
1481
7657
2142
7567
8926
10038
7421
4768
6944
5109
897
7811
216
305
1244
305
23
2492
23
7939
9562
6652
4511
9256
7181
3143
8169
4767
1288
8926
10038
7421
4768
6944
5109
897
7811
216
5366
6957
8480
8699
4768
6944
5109
897
7811
216
305
6957
3567
5814
8480
8699
7421
4768
6944
5109
1415
8392
477
2254
1116
8561
5113
7403
10796
5095
6242
2284
10796
2572
767
9432
9106
4335
2922
5773
5896
4280
4335
2922
5773
5896
3266
11091
974
3057
5773
5896
4280
8822
1674
1690
1850
1397
1654
4046
4910
5095
2572
767
1397
1654
1866
633
10759
471
4910
1525
11
9017
7359
550
10748
1146
9538
2702
3549
4936
2157
4842
9137
8062
2165
382
4130
367
10483
10354
433
10922
3168
6801
10790
4910
1525
11
9017
7359
6893
8481
9677
2443
9163
6801
10790
4910
1525
11042
2443
11042
11
9017
7359
6893
7538
10227
1435
550
10748
3082
10967
1493
550
10748
3082
8093
10059
9379
6623
10059
90
9638
2536
10221
1211
10672
8874
9379
4094
4380
51
6623
2628
7944
4486
10967
6265
910
5781
6969
10770
1416
6265
910
5781
774
2956
835
10262
3338
2113
7335
299
4380
1258
7335
299
4380
1258
2113
10484
9308
9160
5743
3443
6215
3064
3768
9308
9160
5743
3443
8825
8741
1308
316
3846
10063
8310
9559
10553
5015
440
2923
6584
6048
8807
6178
8238
9501
1722
3468
8927
4699
2954
11074
10076
440
2923
5775
8222
6267
6221
6336
5775
8222
2836
8222
6267
2346
84
5352
9721
3475
6281
9510
7137
683
6498
11242
2491
1358
8328
3420
4862
8307
565
3514
9041
9422
2083
9721
3475
5517
10700
3013
9242
5878
7436
18
8305
5878
5106
8977
7436
18
8305
5878
7985
7224
10410
2686
1346
3132
10869
5106
10466
676
427
3238
4005
5125
4212
7136
2116
3410
7035
4557
7028
4664
8977
7436
18
7225
7976
7225
8305
5878
7985
7411
3616
7137
683
10683
3616
7137
3013
9242
7411
7985
7224
10410
2491
1358
8328
9416
6965
703
1358
8328
3420
2020
7936
9863
10209
1973
5789
3858
5709
9638
9591
5307
5789
3858
10364
6520
3019
2508
8547
7361
7828
6793
4111
6904
2435
522
2020
7936
9863
8698
5307
5789
3858
5709
9638
2536
10221
1211
10672
8874
4094
4380
51
8178
2628
7944
4486
7991
10770
2433
5718
5977
8178
6623
10059
3682
8090
4143
3020
4946
9792
1547
2702
3549
4936
3683
3411
6330
11184
9047
8407
10102
2927
4315
4879
10586
10066
3307
9251
8199
10586
10066
2912
0
1079
9869
3307
9251
9606
702
3158
10147
702
3158
3794
3360
10854
2376
3360
10854
1565
9134
11071
8494
6793
7936
10209
1973
5789
7361
7828
6793
7936
9863
8698
7223
4862
8307
10546
5407
9422
2844
8491
6281
9510
10700
3013
9242
5878
5106
10466
676
427
3238
4005
6149
5125
7895
4655
8519
3125
10683
8777
7717
4212
5125
6149
516
7895
4655
10151
3377
2293
1924
5234
6709
6406
791
10165
1924
5234
6709
283
4066
3556
6406
791
8987
4813
8820
9807
6084
9465
7081
8555
6084
9465
7081
9728
7794
124
3109
5387
3456
9183
7079
5387
3109
124
4625
7081
8555
4813
8820
7311
3529
6128
628
7154
3556
4066
283
7154
1995
5027
5451
5402
679
4804
9606
702
3158
3794
4392
9469
292
1608
5477
8233
7729
8233
10982
3119
5477
10982
3119
1148
6350
2565
6638
4111
6904
2435
522
2020
7936
9863
8698
7223
10621
5307
5789
3858
5709
9638
2536
10221
1211
10672
8874
4094
4380
51
6623
10059
3682
8093
10059
3682
8090
4143
3020
1146
9538
6893
7538
1435
550
10748
3082
10967
6265
910
5781
6969
2956
835
2350
723
9435
10496
6044
346
10158
7659
5843
1011
11298
1492
2350
723
9435
2312
3860
4886
7313
1833
2954
8741
1308
2736
11074
10076
6178
8238
9501
3690
10402
1538
5289
10857
377
10992
900
3860
10310
6321
8927
4699
2954
11074
8238
15
1906
9245
8309
15
11243
3457
920
8807
6178
8238
9501
3690
168
10280
3687
4456
5538
9177
1068
10857
976
5134
377
722
10149
4023
11078
7515
1081
7515
10735
712
6860
10337
6860
4243
6908
8595
9703
11286
3315
9955
262
10243
5072
5778
9059
6624
4107
7845
9302
10243
8798
7988
1385
262
6559
5026
6371
5986
8017
10850
296
11010
6317
8648
5915
1230
1461
9210
10278
1906
9245
296
11010
1906
15
8309
7921
9501
3690
5289
10857
976
10992
10310
6920
3468
10402
3690
168
8110
3687
4456
5538
5498
11142
4697
9177
5538
5498
11142
5128
11078
7515
3131
6602
3131
277
10233
6908
10337
9858
5109
897
5366
6957
3567
23
3567
1746
7180
4511
9256
8315
8574
4171
6175
2710
1656
9778
3953
575
504
3527
7719
7910
4493
9778
3953
3486
575
504
3527
7719
7910
3527
7719
1370
2558
9562
1746
998
946
9773
8257
4598
7180
6652
7345
504
3527
7719
1370
11033
6257
6123
10411
4435
3177
4031
476
10765
3917
6253
7305
10016
7205
10923
7171
3956
5203
7008
5203
2382
2276
6015
3197
5410
4524
8128
10923
1149
9884
7171
3956
5203
2382
7801
4524
7171
3956
5203
2382
7801
5410
4524
7171
3956
5203
2382
2276
6015
5989
4688
5989
4837
9090
4059
2001
3266
11091
9090
4059
2001
3266
11091
974
3057
1116
2254
10440
8371
3197
5410
4524
7171
3956
5203
2382
2276
6015
5989
4837
389
6752
10440
8371
4688
389
6752
974
3057
1116
8561
2922
401
8561
6800
3467
5609
10696
1590
3757
10743
3115
591
5199
2045
1493
1780
1034
5014
6242
1525
11
9017
8481
9677
4842
2157
9137
8062
2165
3157
8241
3157
2165
382
9925
8827
367
10483
10354
433
10922
8062
2165
382
4130
367
10483
10354
433
4130
367
10483
10354
433
10922
3168
6801
9163
3168
6801
10790
4910
5095
2572
767
9432
1850
1397
1654
4046
10759
471
10790
4910
5095
2572
767
9432
9106
1674
1690
1850
1397
1654
767
9432
9106
4335
2922
401
1116
6800
3467
5609
10696
10064
3653
1780
1034
5014
2284
8380
3467
5609
10064
3653
1590
2045
3328
910
5781
6969
10770
7991
5718
5977
8178
6623
10059
3682
8090
4143
4668
1855
8090
4143
3020
4946
2778
4668
1855
90
9472
3019
6520
5709
9638
9591
249
5003
10546
5407
9422
2083
9721
10331
4256
7405
5526
6700
3986
9559
1779
3846
10063
8310
6629
3986
9559
1779
10063
8310
10092
6215
3064
299
4380
1258
2113
10484
3338
10262
2433
5718
5977
7944
4486
1416
6265
910
5781
774
9400
10855
5199
10743
3115
1011
11298
7781
9400
7781
591
5199
10855
910
5781
774
9400
1492
2350
723
9435
2312
3860
4886
3443
8825
8741
1308
316
3846
10063
8310
6629
6700
5526
7405
4256
10331
9721
3475
6281
5517
3475
6281
9510
7137
683
7224
10410
2491
1358
8328
9416
522
5502
491
1784
7925
6539
491
1784
6638
2565
6350
3033
4392
9469
292
5402
287
8732
5853
9366
1382
4799
1382
9366
1079
9880
3720
1318
9869
3307
9251
8199
7967
4296
9313
1096
8530
7050
1638
1679
918
11250
9678
11221
8199
7967
4296
9313
1679
9678
11221
9313
1679
918
3503
2778
4668
1855
90
9472
8547
7361
7828
1973
5789
3858
10364
2508
8547
7361
11250
9678
11221
10147
702
3158
3794
4392
9469
292
1608
7729
6350
3033
10854
2376
11250
918
3503
9792
9492
3734
4951
6848
2400
10352
3734
4951
3411
6330
11184
6848
1692
3558
1765
8904
1648
1692
8407
10102
3558
1982
7967
4296
1765
1096
8530
8904
1648
2400
10352
7050
1638
6542
9492
3734
4951
6848
1692
3558
1982
4315
1982
2927
4315
4879
1870
9452
2912
0
1079
9880
5853
8732
3720
679
9469
292
5402
287
1611
7044
8546
7406
3574
8895
4500
7406
1955
9064
3909
3574
8895
10572
5027
1611
7044
8546
6148
1955
9064
2341
5154
9517
3239
5154
9517
7854
4969
8000
6243
9632
5597
97
4890
628
7154
1995
1540
7720
2217
8895
10572
1540
7720
2217
9632
5597
97
5351
3837
379
4890
7451
7311
8820
9807
6084
9465
8066
1827
3456
1124
3355
7439
3142
5836
1388
5721
5985
986
8862
7521
6179
5985
10501
986
8862
2106
234
3512
5724
10239
4385
10598
612
3368
6118
2106
234
3512
5724
1070
10239
8332
6815
4190
588
7424
6982
473
2784
5844
612
3368
7958
9194
6118
7521
8934
10973
3071
6050
10676
9546
1388
10090
2171
9707
6274
6586
8862
7521
6179
5721
5985
10501
6274
4025
11023
251
3570
9223
179
6966
10058
4025
11023
10350
1854
4921
2343
251
11023
10350
9707
6274
6586
5195
3890
1070
10584
4454
1444
6686
3176
8912
9979
10398
2453
6683
3190
9289
2453
6683
329
5427
4636
3190
9289
7066
4638
7864
9913
2135
8113
1933
10652
4856
1987
5965
7005
5375
7424
6982
473
2348
2784
5844
5965
1987
7483
4765
439
6412
1879
2355
6776
1521
6442
8419
7891
2355
6776
1521
939
267
4081
2250
5480
10964
194
10889
9524
10964
194
492
10889
3185
7127
9078
6521
9055
6537
3185
6292
5100
4692
4275
2423
3042
2470
8868
6292
5100
4692
4275
10368
2614
10275
3966
1667
6075
5150
2423
3042
10708
11183
7881
3938
1705
4832
8287
9741
7881
3938
2667
6689
3938
1705
3740
8709
5487
10842
4832
8287
9741
1352
10708
11183
8301
2667
7881
3938
1705
6420
830
8709
3740
6420
830
3277
5487
10842
9237
8706
2793
611
7003
4567
10065
8706
6614
8014
2793
8490
7243
10648
1760
10648
7243
10192
2378
3367
10192
2378
4199
1454
4893
2378
3367
611
7003
4567
1953
10387
6749
2118
10065
8706
2793
8490
6043
3620
2629
8146
2629
10924
4629
10391
1693
2629
10924
8837
985
11014
7683
1485
1379
3502
4629
7064
1379
10182
5894
6727
9136
1
10500
6768
1225
2591
323
8339
10585
5847
10693
3031
5287
10853
9136
1
9572
9776
7683
1485
6203
5894
6727
4124
2091
11345
4039
1554
5840
1082
2337
1082
5840
2337
3646
4637
7070
10693
3031
4637
3031
5287
323
1895
2688
11247
428
8339
4752
9382
10585
8339
4752
4659
1446
1534
6839
5905
4659
1446
2554
9199
3747
2905
6415
3378
9573
10511
8842
8012
8383
8333
2162
4642
6162
9532
4642
4914
45
1711
10511
8842
8012
8383
1711
10511
8842
7023
5464
4815
1930
7912
1969
7589
10695
9360
8165
7440
6856
11030
4791
7440
1222
2489
10783
488
11325
11030
4791
8165
7440
6856
10783
488
8012
5997
5503
4742
888
4400
8333
2162
3964
245
888
4400
8333
45
8745
9200
9622
6915
9200
9605
8618
9622
4175
5367
6915
9659
6094
1399
3439
7466
9019
3432
38
7466
6429
2605
9019
3432
5217
10788
38
7466
3439
1399
7006
2926
5768
1307
408
5445
9835
2926
5768
4338
7006
1399
6094
10641
7006
4338
7178
67
5333
2193
408
1307
5768
4338
7178
9777
10641
9777
221
67
221
3066
3684
10736
925
10052
1071
5333
2193
3654
2403
1732
5055
2605
6429
3654
2403
7469
8665
3959
8878
7469
8140
6238
8526
8038
8239
9172
9027
4292
1499
1343
8140
6238
1392
8239
9172
470
7829
9027
4292
1499
1343
8665
4408
11331
1826
887
4327
5512
1826
802
3850
5028
6261
432
5466
5224
4327
5233
32
806
5512
4494
3959
8878
1732
2403
1071
2403
7469
8665
4408
10244
6914
11331
6914
9725
2330
270
6914
9725
1826
887
5466
5224
5233
32
806
4494
3959
8878
7469
8665
4408
10244
6914
9725
1826
802
3850
8897
5028
595
4302
4618
4523
595
7914
4848
1909
9052
799
2012
11337
10617
6972
2012
4805
1188
790
6389
3772
11140
582
9940
3388
1188
790
7015
10067
5135
10705
1869
8158
10067
5135
10705
8866
6326
172
2389
2938
8116
4770
2938
1383
10080
2928
412
1015
8116
4770
2731
3091
5739
3289
2200
8242
8484
2731
3091
6896
2401
5739
3289
4299
2401
5739
3289
2200
1289
6097
7915
3261
1289
6097
7915
8143
3261
8242
10284
9610
7601
4770
2731
597
3513
5361
