8
3969
4516
7281
2751
2239
7075
8109
9480
9224
2890
4501
8399
8401
5819
9855
1786
4581
10057
2144
6125
3611
7610
5953
10241
7392
9074
155
3924
9098
1018
3295
3625
9124
5515
9544
4079
1359
8147
335
1403
9716
3230
8455
8017
5986
538
3315
5594
10038
7421
4768
6944
5109
1415
8392
477
2254
10440
8371
4688
5989
4837
9090
4059
2001
3266
11091
9090
4059
8522
9135
2371
8152
9757
8060
10925
7897
2001
3266
11091
974
3057
1116
6800
3467
5609
10696
10064
3653
1590
3757
10743
5199
2045
3328
910
5781
774
9400
774
2956
835
10262
2433
5718
5977
7944
4486
1416
6265
910
5781
6969
5781
774
2956
6969
10770
7991
10770
2433
10770
1416
6265
910
10855
5199
10855
9400
7781
9400
1492
2350
835
10262
3338
2113
10484
3338
10484
9308
9160
5743
3443
6215
3064
3768
5743
3443
6215
3064
3768
9308
9160
2312
3860
4886
7313
1833
2954
8741
1308
316
3846
10063
8310
6629
3986
9559
8310
6629
6700
3986
9559
10553
5352
9721
3475
6281
9510
7137
683
7224
10410
2686
1346
3132
4930
7298
10869
5106
10466
676
427
3238
4005
6149
516
10151
4655
10151
3377
2293
1924
5234
6709
283
7154
3556
6406
791
10165
3605
10165
1924
5234
6709
6406
791
8987
4813
8402
1898
3826
1898
3529
6128
628
7154
3556
4066
283
4066
3556
6406
791
8987
4813
8402
9254
8987
9254
3826
6128
628
7154
1995
5027
1611
287
1611
8620
5046
2786
6396
5178
3835
4445
10873
9212
10157
372
3252
3822
10608
7609
2664
9989
3918
10901
10608
10157
372
3252
8389
5377
8240
11168
3822
10608
10157
372
391
5121
9832
5355
9583
31
6939
4334
10939
9427
9158
10917
4843
10917
4972
5704
2989
8691
6869
5355
9583
31
5704
2989
8691
6869
5355
9583
4334
10939
7348
9158
7348
6939
4334
10939
9427
4843
8006
1315
7239
4214
8357
5031
9854
3544
671
3609
7239
4214
8357
5031
9854
11282
9974
6818
2269
1007
4455
9118
1411
6113
11211
6148
8546
7406
3574
8895
10572
5027
5451
5402
287
8732
5853
9366
1079
9880
3720
1318
4804
9606
9251
9606
702
3158
3794
3360
10854
1565
9134
2565
6350
2565
6638
4111
6904
2435
522
2020
7936
9863
8698
7223
4862
8307
10546
5407
9422
2844
8491
6281
9510
7137
683
6498
3514
9041
9422
2083
9721
3475
6281
9510
7137
683
6498
11242
2491
1358
8328
9416
522
5502
6687
6965
703
1358
8328
3420
2020
7936
10209
9863
8698
5307
5789
3858
10364
2508
8547
7361
7828
6793
4111
6638
1784
491
1784
7925
6539
491
5502
6687
6965
9416
6965
703
2686
1346
3132
10869
5106
10466
676
427
3238
4005
5125
6149
516
7895
4655
8519
3125
10683
3616
7137
683
10683
5387
10683
8777
10732
3784
11193
5056
7035
6234
4110
6234
1362
3788
3036
8079
3024
3788
3036
8079
3024
3128
7118
4667
4557
10124
7547
9233
1603
9233
3773
5309
148
10752
2535
189
6018
3629
9971
9307
6570
3291
8074
6339
3379
8047
2757
4420
6087
3426
4586
5649
6402
10578
5291
10966
10827
6402
10578
10027
10634
4341
10629
647
258
3228
10273
10634
414
8442
4958
3426
3724
3379
8047
6087
3426
3724
3379
6570
3291
8074
6339
1295
4586
5649
6402
10578
10027
1401
10723
258
7125
3374
4068
5226
7125
3374
5082
9417
5291
10966
10827
6402
10578
10027
1401
10723
3374
5082
9417
5291
10966
10827
9651
148
8074
6339
1295
2044
3724
3379
6570
3291
10752
2785
7547
4151
4557
7035
6234
1362
3788
3036
8079
9185
1603
7118
4667
4557
7035
6234
1362
3788
1014
10676
6050
10676
9546
6898
5919
3234
5919
11283
8509
9887
653
7010
8509
9887
653
4142
9241
10254
5919
6898
7010
8509
9887
6454
11283
6454
9241
4110
4142
4110
10254
1014
3234
9546
1388
10090
1854
4921
2343
251
11023
251
3570
9223
179
6966
10058
4025
11023
10350
1854
4921
1013
1438
4219
6883
9223
179
6966
10058
6586
5195
3890
1070
10239
8332
6815
4190
473
2784
5844
612
3368
7958
9194
6118
7521
6179
5721
5985
986
10501
986
8862
2106
234
3512
5724
1070
10584
4454
1444
4226
4415
6883
4454
1444
6686
3176
8912
9979
10398
8944
1594
9176
9356
669
9811
6529
4073
7686
9958
164
5378
10671
8950
3873
6555
8880
10487
128
7457
5119
1951
7877
9667
50
4157
5564
4991
981
2369
9365
183
3086
4477
9384
4603
2187
7629
619
3896
10406
3896
1132
3058
1158
9623
5120
783
8417
11177
5564
4991
981
2369
7237
669
10906
5534
7145
4533
6529
1594
9176
9356
9811
7145
10671
8950
3873
9116
8349
1681
4991
981
7528
8417
11177
5860
574
7315
5098
9201
3544
671
3609
7239
948
2074
9599
709
9832
6869
5355
9599
10264
7404
452
2882
5733
396
9974
6818
2269
1007
1008
8055
9644
6285
10690
7954
10506
1158
9623
7954
10506
5712
4530
6285
10690
7954
10506
5712
4530
4971
9644
6285
10690
7954
10506
5712
4530
4971
9517
7854
10451
1132
8162
6678
7528
8417
783
1158
9623
6293
3865
3566
7315
5098
9201
4421
1356
8496
6069
4472
2904
6789
3418
8722
1054
8454
9790
1099
5994
343
10526
7918
6122
8740
4972
10917
5429
8006
5429
4562
8740
4562
1315
10155
7693
9056
10347
10155
10347
6122
7918
9056
7693
5897
4472
343
10526
5260
10754
8247
3474
7362
5555
10588
5555
6275
3276
6814
10424
2080
2533
2086
4527
3777
904
6862
2768
8751
5816
7614
4366
4665
244
2715
7074
8275
9697
10307
1558
7802
6865
5794
10476
4956
3100
8489
6962
6164
3504
7245
5794
10476
4956
3926
2285
5489
10926
3325
76
10475
9051
3041
9051
294
10986
4412
6786
7595
3041
10069
2264
772
7160
7768
2264
772
3325
76
10475
9440
76
10475
9440
7321
9038
3323
3781
3323
529
5716
1216
3316
3921
10139
10815
3867
9627
4897
6027
7527
11066
2428
10926
3325
4554
2428
10926
10920
8968
1190
2480
5187
1801
1190
2480
5548
8542
7160
7768
2256
9885
4580
7011
9543
3390
7586
7246
7586
10633
8430
7259
8430
2656
6310
2656
3390
7586
7788
4416
3065
4042
9694
10470
5411
7358
2755
2229
10881
9054
9796
3065
4042
9694
10470
5411
5157
1769
10438
7556
6936
7738
3272
7738
3111
4595
3571
7062
3693
7368
9988
2939
3571
7062
3693
4182
8755
8150
8755
1169
1893
5300
1756
7546
9358
4062
9819
3286
9988
11012
7830
11012
3286
11012
1756
7546
7966
8150
5300
1756
9819
1756
7546
7966
7803
9286
1443
834
6598
7803
9286
1443
1407
758
3222
4421
1356
1402
758
3222
357
5138
5434
4725
5434
6426
3172
8689
5854
5153
6426
3172
8689
7062
3693
4182
9286
1443
1407
357
5138
832
4182
9286
834
6598
2485
8634
1979
4032
4062
4032
1979
5659
6473
8828
1968
10587
7684
8247
3474
4445
3835
8691
6869
5355
9599
10264
7404
452
2882
5733
8375
11211
6148
6948
10448
209
10448
6948
10725
2128
4455
9118
1411
6113
11211
6148
1955
9064
2341
209
1927
8898
10725
2128
4455
9118
396
9974
6818
2269
6230
8368
1008
8055
9644
6285
10690
7954
10506
5712
4530
4971
9517
7854
4969
2801
263
1759
8000
1759
5597
97
4890
7451
7311
3529
6128
628
7154
1995
1540
7720
2217
8895
10572
1540
7720
2217
8895
4500
7406
1955
9064
3909
6243
9632
5597
97
4890
7451
7311
8820
9807
4294
5439
760
10949
2623
9967
7187
4921
1013
1438
6833
5907
4477
9384
4603
3670
6480
9939
578
3337
9545
2801
263
5351
3837
977
10084
8843
3053
4294
5439
8066
1827
3456
1124
6993
8965
2623
1820
1920
7187
1920
1739
4687
7089
4279
498
6480
9939
578
3337
9545
10451
5712
4530
4971
9517
7854
4969
2801
263
5351
3837
977
498
6480
9939
578
3337
9545
10451
5712
4530
4971
9517
3239
5154
9517
3239
5154
2341
209
1927
8055
9644
6285
10690
6293
3865
3566
8368
1008
8898
10725
2128
4455
9118
396
9974
6818
10137
6230
8368
1008
8055
9517
3239
5455
3909
3574
8895
4500
7044
8546
7044
1611
8620
5046
2882
5733
8375
8620
5046
2786
6927
7404
6927
6396
5178
709
3761
10305
3252
8389
4719
8527
5898
2925
3977
11085
8732
5853
9366
1079
9880
5853
9366
1079
9869
1318
9869
3307
9251
8199
10586
10066
3307
9251
8199
7967
4296
1765
8904
1648
2400
10352
3734
4951
6848
1692
8407
10102
3558
1982
7967
4296
9313
1679
918
11250
918
3503
2778
4946
9792
9492
3734
4951
3683
4936
10298
8322
4588
9196
9390
1390
8311
3991
650
6330
11184
9047
1925
9047
8407
10102
3558
1982
4315
1982
2927
4315
4879
1870
9353
3366
9415
3366
1923
9415
6755
2941
7173
4468
5634
7550
695
8588
8473
11292
7550
695
8588
8473
695
8588
4719
8527
184
7947
5898
2925
3977
11085
8732
3720
679
9469
292
1608
7729
6350
3033
4392
9469
292
1608
7729
8233
10982
5477
1608
7729
8233
5477
3119
10982
3119
1148
6350
3033
10854
1565
9134
11071
8494
6793
7936
10209
1973
5789
3858
10364
6520
5709
9638
2536
10221
1211
10672
8874
9379
4094
4380
1258
2113
7335
299
4380
1258
7335
299
4380
51
6623
10059
3682
8090
4143
3020
1146
9538
2702
3549
4936
2157
4842
2157
9137
8062
10463
10298
2170
5174
7624
6919
10930
2758
5216
2762
5216
10787
3714
10661
3714
9473
3157
8241
10324
10463
10298
2170
5174
7624
6919
7193
2222
8472
1016
7067
2444
6913
7700
6913
10268
6932
603
6352
8126
4822
10268
2807
1900
2444
6913
10268
2807
1283
603
9181
1676
7557
11294
2987
4260
3297
5876
3181
684
3181
6137
6352
10037
6644
64
6132
9279
10371
8126
4822
6932
603
9181
1676
7557
11294
2987
4260
1487
5238
1698
3017
3564
2708
8266
10400
429
1044
70
1821
353
8472
1016
7067
3215
350
1932
9631
9281
9631
7219
70
1821
2129
7624
6919
7193
2762
5508
517
6885
517
1175
1912
9620
8915
10555
5012
1912
9620
7004
6656
1677
11064
3431
5417
3423
936
11064
936
3423
4840
5417
3431
1741
11302
573
8218
5785
3700
5785
2112
8450
1279
7959
2112
8450
1279
7959
3700
5201
1749
3706
1749
6031
873
8027
1916
6031
1916
10773
5401
11046
3925
4127
2541
3613
6213
9603
505
1958
4967
3949
9271
8091
505
1958
4967
3949
1178
4325
2305
8602
7277
2006
260
3063
6107
2305
8602
7277
2006
260
3641
3345
868
4787
5713
1859
11301
4403
3737
924
5165
10439
3705
6983
10339
5450
506
1001
6189
3946
577
4778
5294
10302
8291
7462
7867
4834
9192
5294
10302
8291
6306
1287
9006
10522
4829
4013
5097
5084
1868
5479
7716
5652
8598
1138
2136
856
9489
8724
9503
6140
10101
5868
1185
6217
1484
6182
5129
421
762
9121
1185
6217
10202
1578
7861
2136
856
9489
8724
5264
2564
7861
2136
856
9489
2292
4095
9301
3946
577
4778
5294
10302
1700
8291
6306
1635
1287
9006
10522
4829
4013
5097
5084
5256
7716
5652
8730
5618
10988
5488
10522
5488
6837
4252
8598
1138
2136
856
10734
28
6942
6837
4252
1138
2136
856
10734
8989
4095
9301
3946
577
4778
5294
10302
1700
6942
6837
4252
1138
2136
856
10734
8989
5205
4778
5294
3595
7462
7867
4834
5379
9192
5294
28
4252
1138
2136
856
10734
8989
5205
577
4778
5294
3595
7867
4834
5379
7013
365
2213
1001
5165
10439
3705
3828
646
8794
7014
6653
8280
11081
6342
3599
8736
6653
6342
3599
8736
6653
11081
10423
9695
3721
3054
4740
2042
659
559
7082
93
5321
9262
659
559
7082
5321
9262
659
559
2774
7209
7718
10954
4607
7599
8849
863
2309
7937
2309
276
8849
863
1098
7082
2490
93
5321
9262
659
559
5319
2774
7209
4695
3183
4695
8280
4695
82
2286
1083
2325
964
5577
4393
930
6465
3915
4802
8344
3732
8007
1533
7740
8671
5519
10730
10636
4764
3453
9092
11055
5669
6347
891
8675
6365
2805
7491
4155
6557
9363
8166
11254
914
8799
7320
6246
3763
11164
7904
5263
2235
8462
9447
3733
5703
6750
10974
816
8271
10376
3676
5237
8463
11096
7647
6327
4706
6327
7647
8418
10226
7812
10376
8418
10226
7812
4544
732
9482
7806
4989
1627
2630
7853
5580
6200
1171
7998
2088
6840
10800
836
2538
29
8647
1248
4405
11041
8611
61
8131
10191
5698
8831
3736
8279
5193
5940
9332
5276
3105
8708
2817
8123
2900
7988
1385
262
10243
8798
7988
1385
262
10243
5072
5778
9059
6624
4107
7845
9302
10243
5072
5778
7650
11155
1312
8252
2685
5009
3712
3856
9560
9568
2527
6225
9598
6053
983
8317
715
8984
1805
6685
9355
1805
5969
10805
3934
11095
8855
298
4405
11041
6679
3934
11095
8855
298
109
9119
732
9482
7806
4989
1627
2630
7853
4989
1627
2630
7157
2278
9060
5115
195
5263
10491
9990
891
8675
6365
2805
7491
4155
6557
11254
914
8799
4155
8799
3763
11164
2467
2570
5428
4762
6365
2805
7491
4155
8468
2712
8136
8802
10007
4704
10591
8468
4704
8727
8499
8727
4704
8468
2712
11084
5591
3988
2383
9550
3770
6622
3988
2383
9550
3770
6622
10007
6622
11084
5591
6079
4207
2383
9550
3770
6622
11084
5591
9363
8166
5223
10230
3491
6181
2522
5974
281
9847
8166
5223
10230
7816
6079
4207
11089
1197
4329
8086
1218
2903
892
6106
7330
1844
8086
1218
3038
7526
6764
892
6106
9466
10353
1115
7330
1844
2903
892
6106
9466
10353
6774
8036
2765
9430
7388
9663
1139
6940
6427
6940
1139
10558
524
5458
10070
2863
10070
2507
6767
2507
524
5458
6973
8870
6973
6764
892
6106
9466
10353
6774
9550
3770
6373
9969
4101
7847
9550
6456
1115
7330
1844
2903
892
6106
9466
10353
6774
9550
6456
11089
1197
4329
8086
1218
3038
7526
8870
4591
11214
8654
1197
4329
8086
1218
3038
11214
8654
5859
8501
2522
5974
8166
5223
10230
7816
1127
5859
8501
1127
8501
2522
5974
281
9847
3903
3763
6246
2467
2570
1707
9294
6675
9294
5428
4762
6365
2805
5702
4762
6365
2805
5702
7320
6246
2467
2570
1707
10491
9990
6675
8675
6365
2805
5702
7320
6246
2467
2570
1707
10491
9990
63
3883
8409
1286
4300
1940
4846
8409
1286
2235
8462
2063
1305
8462
9447
2063
3733
5703
2283
5703
6750
10974
816
8271
10952
816
8192
5175
5463
2204
9123
149
3043
8258
10469
1787
256
2724
46
5171
11017
7529
10897
5719
3348
3754
7104
8007
1533
7740
8671
5519
10730
10636
3275
5483
2351
5560
3006
3652
9812
10446
9775
1908
3713
800
8808
1052
7884
9458
185
10002
7884
130
4300
1940
3167
10582
130
4300
1940
4846
494
2983
5669
6347
63
3883
494
2983
3167
10582
11058
5922
11277
2351
5560
3006
5719
3348
3754
7104
4093
6546
9081
4821
2019
5230
9504
10073
8281
10897
5719
3348
3754
4093
6546
9081
4821
2019
5230
1891
7929
7703
1161
797
2275
6034
4488
3895
7264
8729
666
570
3895
3818
1448
7638
10481
1868
5479
3279
10813
10755
4510
4847
3279
10813
4981
1393
7638
10481
11319
10738
10444
10507
11068
5584
10974
816
8192
5175
8426
8217
812
2808
9577
2367
889
7057
3841
7057
5931
812
2808
9577
2367
1788
889
8768
7366
874
6114
6635
1788
7366
874
5018
10036
10316
3246
6549
9009
609
5092
340
3676
5237
8463
3582
5947
10782
4980
2479
11263
535
2638
8152
2270
6791
11263
535
2638
6791
11263
3257
4980
497
5947
10782
4980
497
2800
4289
10036
10316
6114
6635
1788
7366
9373
5316
2814
4289
10036
10316
6114
6635
1788
7366
9373
5316
2814
5018
10036
10316
6114
6635
1788
7366
9373
5316
497
2800
4289
10036
10316
6114
6974
3246
6549
9009
609
5092
340
3676
5237
8463
3582
5947
10782
4980
497
2800
5728
5092
340
3676
5237
4450
5728
5092
340
3676
7647
8418
10226
4405
11041
6679
6685
9355
1589
8611
61
8131
755
11036
327
9767
8004
9772
3712
3856
4529
3930
4916
719
10860
8696
5419
4225
11113
3200
7430
4564
264
7502
2301
7087
5042
119
8083
8232
2473
9085
9342
9260
1519
9418
5000
9260
5000
8205
3098
203
1429
404
6026
2123
6026
463
404
10115
1133
7862
4172
3098
203
952
5475
1282
9418
3098
203
952
10965
11315
11178
5475
1282
9418
2722
105
1255
9342
8205
1628
5914
8744
1133
7862
4172
3098
203
7862
4172
5914
8744
4915
7242
10747
2025
8320
751
4694
751
560
751
8320
10115
5908
8655
5972
7964
4801
3539
4217
5711
4198
1553
1954
1983
1456
4198
1553
1954
1983
6067
8076
537
11013
1861
7278
1553
1954
1983
1456
7964
4801
8655
5972
3546
1214
3546
4103
3182
6533
6080
9463
3484
4103
3484
6080
6372
9763
6372
6080
9463
3089
5908
11259
3539
1196
10747
2025
1133
7862
4172
1628
9085
9342
10110
1519
9418
2722
1282
9418
2722
2496
2000
7783
4547
10321
10136
1262
6849
10321
10136
5467
3617
5467
6590
1381
6590
2582
10916
9275
10916
2582
10176
1381
5467
7192
4481
9189
1065
7637
3510
5020
11288
5798
3280
4953
10991
1523
4277
7783
8324
9733
2496
2000
10050
3120
1766
3494
8485
1002
2143
1766
3120
8991
9362
1523
10050
1212
8710
804
402
728
402
2000
4277
7783
8324
6552
1884
4547
3658
6433
649
264
7502
2301
7087
10890
9370
8177
3894
9852
6575
6334
3633
419
5562
11062
10750
2145
3637
8984
1805
5969
6880
9404
9685
9404
6880
10805
6685
9355
1589
8611
61
8131
755
8004
9772
9560
9568
2527
9598
6053
4316
3344
7365
419
5562
10750
2145
10742
7365
5562
10750
10742
4316
3344
6662
6334
6575
4018
9370
8177
8228
2473
9085
8228
8232
1255
9871
2198
1884
1584
3658
8441
8767
9206
3200
7430
4564
264
5058
8767
9206
3200
7430
2301
7087
10890
6550
3557
9565
2816
1213
3736
8279
5193
5940
9332
5276
8081
9984
8708
2817
8123
2900
1455
9250
1455
2407
8811
1776
8195
3105
9507
8748
2377
1776
9507
8748
9250
8123
387
8798
7988
5396
2407
1455
2377
1776
9507
8748
9250
8123
387
5072
5778
2817
5778
7650
11155
2685
2231
4484
9456
1419
5079
10771
5935
2732
4235
10225
6832
1570
5050
9478
2781
8404
5111
9141
10150
2986
9067
719
10860
5419
8279
5193
4084
9263
11036
327
9767
2620
2300
9736
2965
3462
7332
4711
5032
7280
8187
7252
6324
3680
6036
9425
638
7322
3647
7058
9065
1542
4863
4072
4321
7282
9717
616
5038
1867
11342
6011
8979
9912
1436
9021
10456
9283
6732
2068
5540
9753
8826
1762
7734
6483
8002
1605
10333
906
6105
8856
6483
8002
1605
6252
10975
2277
7532
3018
5550
4497
3419
3171
1102
10492
1102
10382
4364
11015
1468
8246
2512
3419
3171
7138
9265
3397
317
1714
11026
6745
6658
5126
6354
10286
850
6671
2246
2764
1473
159
2466
10382
2466
3531
2289
8446
7046
3094
4288
2414
1422
10915
5431
4288
2414
1422
6850
4278
2414
1422
10130
3256
849
8469
7148
1009
8363
7148
5518
1009
8363
2364
3216
7851
3775
5837
11330
1153
10277
11330
1153
10277
5518
8363
2364
3216
7851
3775
5837
5431
4288
3330
102
8336
9793
5509
4880
3147
196
9327
4880
2471
4278
2414
1422
10130
9850
3488
10915
5431
4288
3330
9095
9327
3147
2471
196
4288
1181
1986
10618
656
1126
7030
10154
1322
3775
5837
5431
4288
1181
1986
10618
5990
9588
10737
1126
7030
3046
313
9723
137
5209
8420
3046
313
9723
6707
3164
7163
9696
9080
5504
7417
967
3875
3003
8253
4428
9782
9057
8449
5619
10133
967
3875
3003
8253
4428
9782
9057
9031
6273
10433
8044
7652
10338
7917
3891
338
6273
10433
8011
10338
7917
3891
8449
3875
3003
8253
4428
9069
3591
5959
4439
3933
7815
8615
8420
137
4401
6707
3164
7163
9696
5438
5416
7213
5818
8262
5991
10880
7071
265
6702
8580
5818
8262
9080
5504
10880
7071
265
6702
8580
685
4884
8567
6799
4650
8567
6799
6446
5772
7265
8734
10984
7775
10746
837
10746
823
716
11063
5197
6227
5197
6556
66
2424
9087
5212
6556
66
9671
837
4532
465
1526
9165
10374
8734
966
5758
10984
7775
10746
4532
465
1526
586
1644
9018
10386
9398
11328
9901
2114
3545
138
11238
6697
10012
5772
7265
6773
3610
5758
6469
558
3610
5758
6469
11280
7360
2802
6594
1683
11146
3675
9531
7417
5803
11146
3675
9531
7417
5803
10667
6446
2727
558
3610
5758
6469
11280
7360
2802
6594
1683
2146
6934
3243
4680
2037
7635
7096
536
2056
6654
9872
6654
1371
7569
9190
1339
2021
6798
1433
8911
1433
10079
520
568
2098
2969
3780
520
568
2098
2969
415
10575
9710
652
8911
10575
9710
652
4180
6798
1433
10079
520
568
2098
2969
5252
704
5507
8681
6500
5268
8882
5252
704
5507
3391
7487
3313
11020
7951
5587
6176
523
11073
4285
3209
7487
3209
8824
3758
8276
9488
11191
4756
7905
8031
11191
4756
7905
8031
7632
10292
8586
6918
2616
2261
10904
9002
1917
9493
872
5186
2261
10904
2352
5906
3498
3317
8041
7373
2754
6332
3581
9589
7184
3498
6157
7425
3577
1996
5904
4864
1848
4864
8098
893
6047
893
3458
6047
9438
4864
8098
3820
5926
4318
1848
10088
7485
6585
5788
2952
8617
989
2895
1545
11072
4675
6072
8042
2856
8224
9484
3671
766
6311
9002
1917
9493
872
5186
2261
5654
2616
2261
2194
510
8302
3051
4610
5786
5732
6607
8438
10292
8586
6918
2616
2261
2194
510
4610
5786
5732
6607
6176
523
11073
4285
10292
8586
6918
2616
2261
2194
510
4610
5786
5732
6607
6176
523
11073
8438
10292
8586
6918
2616
2261
2194
510
4610
5786
5732
10279
3205
10279
5587
6176
523
11020
7951
4253
1024
5920
2140
1024
5920
2140
7666
3635
11056
7545
6884
2326
4965
2668
8149
7452
3922
2546
1838
7301
398
3922
2546
1349
7545
3447
2859
3603
2859
6884
2326
8300
2326
10488
2326
2668
8149
300
4965
300
3922
2546
1349
7545
3447
1257
3603
1257
11257
7814
6738
1374
5016
8300
4281
6871
1490
325
1864
8558
1864
10256
3685
6871
1490
325
10905
5544
9873
1755
4206
3463
10504
3913
7363
864
1180
8558
8714
1929
1431
7804
6649
2221
3306
10943
4750
10893
5873
7247
1080
9987
5873
1610
4528
7086
2825
7849
2825
5715
7086
10943
4750
10893
5873
1610
5729
8515
11267
7670
10212
4123
2734
8127
10293
8127
8515
11267
6951
9161
495
1503
4311
10709
6771
3579
7394
1503
4311
10709
6771
3579
7394
6224
4116
10888
6714
6224
4116
4326
8536
6332
3581
8108
6981
8461
6981
5578
8536
6332
3581
8108
6981
5578
2379
4326
8536
6332
3581
8189
7658
7333
6777
7513
8590
5368
10025
10571
839
9680
551
9161
495
1503
4311
10709
6771
6738
11188
4311
7849
5715
6951
10212
4123
2837
1140
7347
9243
10611
8590
1140
7347
9243
3806
6240
877
10055
2655
3093
2655
2408
8757
4977
3121
6240
877
7060
5796
388
2947
8283
9535
7581
10494
4019
10494
10921
8283
6045
388
2947
6307
1632
10921
1632
6307
3738
8700
9024
5280
86
9024
6878
3538
6532
4129
6482
4994
6819
10144
10017
7733
10951
3166
8448
10326
743
6195
8448
10326
743
6191
7189
9411
5019
9411
9611
10627
9153
6195
8448
7093
9016
1615
9016
7721
3479
8212
3922
4516
1032
3655
846
10340
699
5019
9411
9611
10627
9153
6195
8448
4418
10017
7733
10951
3166
1059
7721
438
6943
11124
2639
4990
10887
3729
3404
8610
10308
7880
6487
10308
7880
4974
2798
2381
5390
7880
4974
3650
5364
8846
8423
5505
8423
8610
3404
10452
5546
181
10452
5505
9614
6569
181
6578
1067
6578
9269
1418
4990
3817
11124
2639
1418
3729
9269
6999
1418
10887
6487
10887
1418
6999
2639
6999
9459
11088
10125
4273
3518
1067
6569
5546
5505
5546
9614
2003
4773
1548
857
4647
1128
2003
4773
9164
11266
303
2233
1548
4647
1128
10054
2604
1051
2604
6994
8168
3149
8168
7735
10240
6911
1449
4339
4221
4491
651
5065
182
10786
5215
10240
6911
1449
4339
4221
273
5215
6994
8168
7735
1738
8278
5903
11252
8278
9
9661
3399
9205
5903
6769
2036
10780
7536
4235
10225
6832
1570
4949
9478
6560
219
7682
6147
9515
6147
8421
6560
219
7682
4529
3930
9263
11036
327
11155
2685
1419
5079
8886
3884
10771
5935
2732
4235
10225
6832
1570
4949
5050
8981
7195
4484
7195
8421
6560
9478
6100
8141
8853
1065
7927
7501
5254
7536
4235
10225
6979
5935
2732
752
4156
6980
2387
11121
8978
10351
8154
10351
627
5235
9837
4474
9551
1156
10694
5074
6417
787
9730
787
6417
8884
10593
787
9287
10694
5074
10046
4518
10046
6632
6452
4145
6620
518
5953
3585
5036
2870
3385
10166
3032
9283
6732
2068
5540
9753
8826
6356
2823
6258
186
7167
705
1936
3750
9486
8023
2783
5465
5425
10702
1469
4208
6842
5192
539
2393
1396
2879
133
616
5038
2879
133
8096
9537
10260
3226
173
3226
1243
2513
2141
2513
11284
1243
8179
9349
7975
8504
1304
6400
3766
2662
3824
5568
8194
9650
511
7166
7636
1304
6400
9789
8504
1304
6400
9789
8313
2680
3725
10872
9171
9331
9171
2253
690
10330
4617
2101
8552
1177
10330
4617
2101
9157
2306
26
9295
10489
4816
4365
6541
4021
2416
4926
7289
9202
2577
238
1072
10668
5967
8194
9650
511
7166
7636
1304
6400
9789
8313
2680
3725
10872
2962
11239
3430
472
7753
11336
870
2306
26
3455
11336
870
2306
26
3455
1111
11253
701
11171
10228
472
7753
1111
1125
2477
2333
1194
2477
10686
9298
5967
8194
9650
511
7166
7636
1304
6400
9789
8313
2680
3725
4247
1476
5511
3151
7899
3028
4947
9993
1491
7799
2220
8431
8759
4736
6210
808
2658
5347
10658
8292
6475
6418
344
9247
10658
8292
6475
6418
6146
4100
10977
101
7202
5759
72
2528
3448
7323
4894
10877
9058
2924
8697
4543
9977
2924
988
5683
8697
416
2684
1482
6617
1482
10077
8216
8591
5478
7292
3651
7292
7499
5034
4396
2525
3372
3897
8475
6271
8068
5981
10348
9367
1650
3561
4033
2775
5576
8231
2815
8119
9962
2775
5576
8231
111
11077
1423
197
2848
10033
9926
8659
9407
5068
2611
4164
9481
1074
10043
1074
8119
9962
10043
8573
8196
8573
4033
2775
5576
8231
111
11077
1423
197
590
2742
6593
4602
5932
1198
7324
9005
9743
8693
6159
8936
9743
6159
6421
8936
2183
434
10216
7631
6571
5221
6249
691
9788
7748
657
1874
9162
4854
6355
6852
8101
9449
10762
9089
7509
3483
3398
2813
6324
3680
6036
9425
638
7322
3647
7058
9487
3565
638
7322
3647
8806
9851
7191
7948
6055
8071
1122
7317
8653
1186
4786
7230
8460
6418
6146
4100
10977
101
7202
5759
72
2528
2523
145
7202
5759
72
2528
2523
4858
9291
9061
826
7413
896
1819
5404
145
9414
230
2759
230
3612
2410
2759
4961
1697
1088
10361
1697
1088
2410
2759
10361
2759
4961
9414
230
3612
9386
4786
7230
1354
4402
2632
3982
1977
4402
2632
4735
2002
1208
3982
1977
4402
2632
4735
2002
7831
5730
4673
10219
7000
8834
3244
4452
11158
4452
2932
4452
1247
10170
8492
5484
7838
3194
7838
10170
1247
8973
11158
2932
10908
7708
141
6650
2571
552
10396
5825
3320
8414
5457
10847
7975
4901
8070
1845
7316
1210
6060
4901
8070
1845
7316
1210
8061
6070
8179
9349
3550
11309
5646
3320
1187
3412
2447
3412
1187
3948
7402
4747
6719
1467
25
9156
10836
7886
3028
4947
9993
1491
1952
11182
7668
2799
3481
9288
359
5675
7668
5632
8739
8552
1177
10330
4617
2101
9157
2306
6705
2665
7493
5388
1434
3669
841
10317
9295
10489
8505
540
1890
4818
2416
4926
7289
10668
5967
8194
9650
511
7166
7636
1304
6400
9789
8313
2680
3725
4247
1476
5511
3151
690
2253
9331
2253
1476
5511
7159
8414
5457
10847
7975
4901
8070
1845
7316
2152
4552
6997
4208
6842
5685
7696
2976
493
8411
2783
3171
7138
9265
3397
317
3130
10198
1285
7836
9443
2152
4552
6997
4208
6842
3102
5192
539
2393
6445
7765
9395
7765
5196
1396
6445
7765
539
9225
6997
9225
173
5202
8096
9537
6165
11261
858
9754
2881
11273
2141
10260
3226
1243
8179
9349
3550
11273
11284
11273
2141
7085
6165
7085
9754
2881
3074
10396
5825
3320
9765
2220
8431
8759
8731
602
9993
1491
1952
11182
3636
10330
4617
2101
9157
5290
6705
2665
7493
5388
1434
3669
385
5822
9826
1263
6398
6485
9315
6805
9686
9826
1263
6398
1604
10211
6754
11204
8625
2417
1978
5699
8250
1284
8625
2417
1978
5699
8250
9048
9748
9042
9748
950
6485
9315
6805
6970
8456
4355
11054
7573
6280
1384
11297
5801
2763
4165
1643
8997
6488
9923
163
1643
5801
1432
188
1313
307
11223
6853
4410
10366
8970
4485
1432
188
8970
4485
1432
1459
341
10680
341
8553
1384
6183
8997
6488
9923
163
1174
2127
10564
11229
1199
7391
11223
6853
4410
4483
10970
8424
7169
5812
9258
6102
312
6369
10381
6369
11115
2132
770
6991
7675
5067
6680
10689
9293
6676
635
10509
115
7024
917
9681
115
7024
9431
5398
7594
917
9681
6676
635
10509
115
7024
9431
5398
7594
485
1918
4828
1326
6762
4350
10201
9905
6744
2568
1592
3632
2067
1107
10334
3173
7337
9616
2780
4754
5600
4939
6902
10390
9911
5611
2741
8713
7909
1064
4810
10514
6294
6127
2219
9779
9023
9779
10514
6294
6127
2219
6294
6127
6013
8957
10390
9911
5611
2741
8713
7909
1064
5180
4982
5834
9483
7968
5180
4982
3240
753
8705
1502
3240
5776
9023
5180
4982
3240
5776
10270
8797
3072
815
7115
8161
3407
4939
7042
1961
8929
11217
7856
1625
7217
1168
10933
3666
6847
3666
7679
4307
4184
2111
2780
4754
5600
7042
1961
7217
1168
10933
9566
4239
10983
5590
368
8660
10995
6301
1531
1512
10477
9840
7795
9229
6301
1531
1512
10477
9840
7479
7795
9229
8660
3250
6746
10830
3492
3259
9421
375
8267
5177
9946
9155
3259
9421
3848
1090
3848
375
8267
9155
9151
10395
1046
4952
5893
4085
5738
7722
7121
2214
7722
2214
6731
5893
4085
5738
7890
2897
8274
8436
11234
5886
250
6511
9867
7817
9849
2569
2236
9191
5433
6109
8526
8038
6763
7455
882
9628
36
11227
1021
7122
1734
7577
3843
217
4407
2650
6986
7669
9780
7455
882
9628
36
9474
932
4907
5607
6713
6096
1109
10958
1192
1195
7468
3427
2173
7149
9679
1556
4674
7834
10271
7678
5382
8883
6568
8200
2878
10008
4417
10945
4340
3634
10959
8201
10945
4340
3634
3626
3387
5399
2464
6359
1022
10498
2154
10574
1300
9759
4579
1040
1758
4755
9475
4755
11070
944
10674
8099
1201
6735
9759
4579
1040
1758
10193
991
5810
4332
10929
7678
5382
8883
6568
4548
1480
4819
9508
236
4417
10945
4340
3634
3626
3387
10346
8171
2464
6359
4417
10945
4340
3634
3626
3387
2411
6759
68
2515
10024
9083
2399
1053
10914
9209
3309
8256
10679
636
1972
805
8711
253
9213
6845
9462
8711
253
9213
6845
9462
11304
3975
2584
3975
496
8405
10020
4003
7103
4170
6461
4170
3386
11022
971
2494
5579
8010
9921
4620
6392
7548
8284
630
7367
3989
134
1458
10580
5686
10039
5158
8816
5696
5146
7625
5266
10798
7558
5029
2555
8094
9536
4912
10242
169
10242
1276
8763
859
3681
7777
6881
5855
5047
6881
5855
5047
3029
1513
1152
6527
2398
204
5895
4708
237
6135
9079
6135
6577
3221
4708
8180
1649
10041
6609
150
2649
4480
5408
10717
5054
4010
8142
2649
4480
5101
453
2893
2849
8632
9352
10825
4353
9630
3270
5247
9624
6291
448
9630
3270
6092
1036
1516
4658
9468
5247
3270
6092
1036
3422
6739
6208
773
6828
302
7470
9914
898
7580
1425
2691
7553
1425
2691
7553
7580
1425
2691
6828
302
7470
6514
4047
6766
4987
6514
4047
6766
10300
11116
5645
1428
3753
3319
3753
8563
4627
2581
1428
2581
7865
1946
1486
9138
10300
11116
5645
1486
9138
2545
10856
5288
1275
10181
418
5533
11110
5181
5257
9145
8514
5524
10450
4398
2544
990
11039
3575
5357
5533
11110
5181
5257
9145
8514
5524
10450
4398
7233
7113
4746
3163
626
199
4681
7805
11295
11087
1134
8601
7393
380
10232
2437
4191
9268
1350
9268
1934
7208
7506
11087
1134
8601
7393
380
10232
2437
7253
1934
7253
7208
7506
11087
1134
8601
7393
380
10232
6989
2159
5312
2584
6845
9462
11304
5073
1972
805
8711
253
9213
4027
10795
3735
4538
7692
5680
3030
1164
7673
11148
5680
3030
1164
7673
8990
1808
1291
5799
10044
9108
10328
6313
4566
3341
9108
3341
9457
3473
1808
1291
5799
10044
2172
587
6315
5007
6409
6903
731
1942
7229
8075
7695
6211
10328
6313
7923
2331
10767
817
8995
1773
7695
6211
10328
6313
7923
2331
10767
1962
817
8995
6967
8075
7695
6211
10328
6313
7923
2331
10767
5520
4202
2099
4616
3702
7266
8447
8738
869
9700
6522
4616
3702
7266
8447
8738
869
9554
5147
8269
2461
2886
7552
9534
8742
8269
2461
2886
5344
167
4075
2196
5805
3854
2981
6436
3854
2703
3642
1559
7542
2981
6436
3764
11083
3764
9175
8269
5692
1853
5530
7707
3382
7612
3889
4173
3376
4148
2891
9232
10774
7646
8735
11317
4083
9658
6462
73
7117
8917
3797
10213
7117
8917
3797
4604
3797
744
10167
10513
211
2618
866
1661
9470
3489
6715
7763
11326
9066
5797
625
9204
10028
9580
11327
2968
3148
2864
7841
7131
9344
10599
7653
5362
2431
5030
1069
7072
2767
4660
88
7156
4538
7692
5680
3030
1164
7673
8990
6781
7507
1291
5799
10044
2172
5007
6409
6903
6573
4236
9865
587
1291
5799
9457
5799
10044
2172
5007
6409
6903
6573
4236
8511
1616
731
1942
5595
1026
5595
7229
8075
7695
6211
6409
6903
6573
4236
8511
5664
7743
7126
3697
7126
7743
4128
1293
1616
4236
8511
7770
10060
4102
2871
3450
8907
10060
4102
2871
3450
8907
100
2744
2631
5335
9406
6295
8819
11308
1761
5393
1708
3600
2499
5304
8256
10679
636
5073
2984
496
8405
4003
7103
318
6730
7170
5052
1623
1135
6461
318
6730
7140
5850
5073
2984
496
8405
4003
7103
6061
4361
5312
10795
403
4027
10795
403
8875
7692
5680
3030
1164
7673
8990
6781
7500
2319
1761
5393
9970
3990
7212
6337
521
10207
10024
1207
2515
10024
1207
5107
7268
2826
2062
4584
6359
4417
10008
236
4417
10945
4340
8201
10945
4340
3634
3626
8538
5462
6717
1345
11308
1761
5393
9970
3990
7212
10207
10024
1207
5107
7268
2826
2062
4584
5910
337
8922
10290
8325
10290
356
5642
10508
4008
4875
7480
3537
2852
8099
1201
6735
9759
4579
1040
11070
944
10674
8099
1201
6735
9759
4579
991
5810
1621
10574
1300
5810
1621
1480
4819
8200
2878
9508
10498
2449
11195
3421
7331
337
8922
10290
356
9266
5642
10508
954
4875
879
8188
7331
337
8922
10290
356
9266
10704
629
11332
777
11332
5644
777
6588
10674
8099
3537
2852
1894
10704
629
5415
12
10851
9943
5179
9653
944
10674
8099
3537
2852
1894
11332
5644
10851
9943
5179
6405
956
5229
3521
9933
3521
8628
3547
673
9910
2713
5156
53
116
4919
9391
621
9879
7760
1660
8403
7494
2906
4779
1956
5966
8628
3547
673
9910
10454
1778
4186
3199
3583
6545
9097
5671
6197
364
2721
3943
5078
9933
10454
1778
4186
3199
3583
9097
5671
6197
364
2721
1095
1938
8264
10425
4835
1938
10357
1095
10357
8892
8534
11018
3711
3298
3707
1097
5
9576
7582
5293
8841
5494
7858
5282
6870
7769
11265
3787
5640
9285
3787
9285
10935
7676
10935
4310
545
9985
11285
4310
545
9985
5639
11162
4631
11162
5639
2455
10095
6523
903
5671
6197
364
2588
5809
5945
8624
5945
1328
8624
1328
3943
5078
8624
5078
9933
10454
1778
5809
2588
6545
9097
5671
6197
364
7920
2672
8892
8534
11018
3707
7582
5293
8841
5494
7155
1736
11190
1377
8688
7454
11265
620
6341
10126
7980
4891
6251
4891
8175
10168
871
9698
5872
809
1947
5286
10048
2883
1321
8960
2252
7174
6756
3904
3351
634
10168
871
9698
5872
809
7174
2465
1078
9705
413
5714
9372
4615
6196
8445
6196
1078
9705
413
10355
8800
9561
8245
2811
9944
1507
2054
3698
5777
9802
4404
1799
9963
1314
20
4126
2914
7475
7915
3261
8242
10284
9610
7601
9744
4881
172
2389
10080
443
3225
8318
2687
8785
2389
2938
8116
4770
2938
1383
10080
2928
412
1015
8116
4770
2731
597
3513
5361
1561
3513
9187
1303
9084
7047
9084
11137
5770
2928
412
1015
9187
1303
412
1015
8116
4770
2731
3091
5739
3289
2200
8242
8484
9610
7601
4881
7619
9841
6450
7813
11111
4255
2652
4255
8289
9744
4881
7619
9841
2104
4881
7619
7813
11111
4255
8289
9744
3501
11157
8289
9744
3501
3092
1988
3092
7475
7915
8143
3261
1289
6829
5657
7888
5549
7299
6713
6096
1109
1192
1195
3954
11246
435
8072
1451
6890
5218
707
3350
2329
6209
7196
144
8906
2777
5500
9046
3532
6343
4531
9689
3414
10958
1192
1195
3954
11246
435
8072
1451
6890
5218
707
3350
6870
9831
5324
2737
9525
6150
1017
7913
11044
7651
2216
3159
7354
7769
1736
11190
1377
5697
4344
10729
711
9749
8295
2552
1599
9195
7920
9195
9662
6197
9662
10505
8859
10505
1599
2552
2672
2997
3711
11190
2294
1377
5697
10729
5697
2997
3711
11190
2294
7454
11265
7354
9831
5324
2737
9525
6150
1017
8073
7913
11044
7651
4891
8175
10168
871
9698
5872
1785
4966
10047
809
7174
2465
6756
5872
1785
10047
10563
4178
10563
7987
7020
9374
5114
3424
3025
214
7433
1035
8986
10471
10640
1807
9410
10274
424
9904
4585
7108
10938
3133
351
1465
7356
4716
2065
4900
4159
1682
3068
4727
3796
8112
6677
6554
4159
3796
8112
6677
6554
7701
10359
4716
2304
7488
5746
4900
7774
6066
9676
8085
6066
9676
8085
1682
3068
4727
4771
7343
4771
8021
1860
1682
1860
7874
6012
3893
426
10086
10960
713
6054
3454
3133
351
1465
5606
17
9640
10523
10359
1695
706
2079
3022
4640
9337
3968
9337
10159
2840
339
750
5838
884
10274
5968
4413
5606
17
9640
10523
10359
1695
706
2079
3022
5833
10159
6017
7001
622
3471
4324
9784
7077
4641
3236
2313
7484
3050
8528
108
9735
11278
8243
2176
795
6504
4451
2291
4839
2291
7699
10909
5272
6463
9877
6680
10689
6923
485
6923
4828
10876
2701
7705
4350
7705
1326
6762
6744
2568
1592
3632
4432
10178
696
3173
7337
9616
2780
4754
4460
7110
4015
7427
4133
3188
7130
8001
7401
4868
6964
7623
3267
7623
6489
9132
4868
6964
4968
7234
8001
7130
6207
4425
3188
10912
1229
7427
4133
4776
8148
2660
4425
4776
8148
2660
2296
781
5679
7887
8413
10858
4535
2547
3831
7578
6718
9150
6718
2547
3831
7764
333
9173
6368
10564
3090
2763
5801
1432
1459
10680
5496
8872
10862
5076
10910
6909
4505
4312
4816
4365
6541
10910
6909
4505
4312
4816
4365
6541
10753
5315
6591
8282
10383
6254
9300
3987
4424
8106
6706
8106
1856
4923
3135
8360
8762
3135
8360
8762
9166
3545
138
11238
6697
10012
5772
7265
6773
3610
5758
6469
11280
7360
2802
10779
5212
6556
66
9671
6227
4154
11063
5197
10806
8835
4656
9267
2902
3229
7771
5668
10517
10806
8835
4656
9267
2902
3229
7771
266
5668
10517
10806
8835
4656
9267
2902
2919
10846
5346
10462
3790
6961
6379
4772
7078
2505
2089
4604
3872
6667
4317
6142
2310
9297
9513
4643
3413
9726
734
3136
4201
10556
4201
5262
10556
9609
3980
3321
5688
3500
7128
5303
7383
3960
2578
5497
6478
5161
10441
4903
5830
1528
9304
2181
5441
7478
6233
9495
1539
567
8487
3319
5482
9014
567
8487
3319
5645
1486
9138
2545
10856
5288
1275
9711
898
7580
1425
2691
6828
302
7470
6514
4047
3640
6808
11116
5645
1486
9138
2545
10856
5288
9711
898
7580
1425
2691
6828
302
7470
6514
4047
3640
6808
11116
5645
1486
9138
2545
10856
5288
8514
5524
10450
4398
7233
7113
9423
1684
990
11039
3575
8202
6609
150
2649
4480
418
150
2649
2412
4010
8142
9813
2697
4010
8142
957
10041
6609
150
2649
2412
5408
10717
453
2893
6761
5336
5152
6291
448
9630
3270
6092
1036
3422
6739
6208
10388
746
9751
746
302
7470
6514
4047
3640
6808
11116
5645
1486
9138
2545
10856
5288
8514
5524
10450
4398
7233
10911
222
10665
222
2274
1963
10896
4449
1813
2514
8410
2603
677
8067
7207
8796
6538
4601
4265
7215
13
1928
8796
6538
4601
4265
1928
8796
6538
4601
4370
4098
10513
211
2618
866
3811
9590
4826
211
2618
866
3811
4371
9470
3489
6715
7763
5828
3156
11326
9066
5797
5771
9204
10028
9580
3148
2864
7841
10821
1297
3727
1567
9899
8585
7072
7131
7072
2767
6989
10020
6989
2159
3735
4538
7692
5680
3030
1164
7673
8990
6781
7500
2319
1761
5393
9970
3990
7212
2985
68
2515
10024
1207
5107
7268
2826
2062
4584
9548
11195
3421
7331
337
8922
10290
356
735
7396
3231
5420
6408
1719
8510
7396
3231
5420
3941
5918
5435
4194
11008
8304
7100
9500
1956
5966
7088
643
10851
9943
5179
6405
9653
5871
7857
9475
5871
7857
1058
8909
2839
5521
5658
6589
9408
10525
4121
8670
144
8906
3774
9012
3438
5744
4389
10018
3334
6097
7915
8143
1988
10284
9610
7601
4770
2731
3091
6896
9088
7482
1881
8810
10097
9314
5890
11227
1021
7122
1734
10180
10579
2177
7669
9780
10579
6721
4053
10349
4761
5586
8374
5586
3245
9094
1663
4167
9553
4114
7390
3976
6448
1753
118
10685
118
5929
7829
9027
4292
1499
7817
9849
2569
6383
10776
8274
8436
11234
5886
1645
583
1430
583
1645
3146
4546
3146
8348
1976
5339
7495
4166
2519
6468
4523
595
7914
7047
2497
4945
2497
6169
3469
6930
4192
6647
5677
3469
7691
1909
4848
4024
10385
8227
10385
1176
160
4024
8728
10385
8728
1176
8728
160
7914
4848
7914
4346
4724
10536
5314
9563
6316
5650
9931
10536
9931
6316
5650
11067
5028
6261
432
5466
5224
4327
5512
4494
3959
8668
9867
7817
9849
5561
5274
10418
9881
875
10913
9030
9881
875
913
5207
8879
9657
4479
280
2223
4433
8353
5913
280
4479
4442
3365
7890
2897
4009
1531
1512
10477
9840
7479
10128
5112
2622
291
3061
9585
4476
9068
5892
10378
4229
2540
4220
6604
9311
8398
2212
4623
3117
5565
4546
8348
1976
11079
5565
11079
213
3116
213
5339
7495
4166
11092
7767
6437
7767
765
417
9972
6775
7495
4166
11092
6468
4523
4618
4302
6972
4302
595
5028
6261
432
5466
5224
4327
5512
1826
887
5466
5224
5233
32
806
5512
1826
887
4327
5233
32
806
4494
3959
8878
1732
5055
2605
9019
1974
4882
1974
6701
3759
2236
9191
6742
6145
4634
8878
1732
1203
3536
5976
8783
5976
6701
2137
3480
11251
6101
10117
5110
2994
1806
8422
1535
3523
7194
1066
5581
8439
4117
829
10529
5879
11119
6394
10478
3862
901
1806
8422
1535
3523
7194
1066
5581
8439
4117
947
3370
9369
7524
4089
10560
4067
5759
72
2528
2523
9798
4858
9291
9061
826
7413
2705
27
6525
8130
1874
8130
4026
1717
27
499
11321
5219
6984
8343
3008
4561
11060
9131
3008
4561
11060
6052
7965
5911
5501
9131
3008
4561
11060
6052
3389
4563
7107
9061
826
7413
2705
27
499
11321
5219
6984
8343
6565
89
7102
1596
2657
9977
2924
988
5683
6284
8704
1937
3124
6404
486
7938
6374
352
1728
2888
11143
2634
7808
5118
7204
5118
5261
10824
1191
9625
739
10976
6387
9383
6255
3927
1839
8058
6255
3927
1839
8058
3499
3294
7039
8541
8064
7293
4676
2032
1131
2032
10077
6770
2110
6770
9673
6303
881
2039
7389
7872
3186
4678
6770
9673
6277
3871
2004
10657
2004
2587
7342
4730
10561
5127
2085
8923
1886
1727
7634
8923
1886
1727
7634
10561
7336
5127
2085
3812
5491
7290
7807
7290
5491
2791
34
2690
4730
326
7961
2445
8254
3118
3853
3118
9133
2587
10583
6563
5963
8633
9737
8633
2434
8345
9737
4341
10634
414
8442
4958
3426
3724
3379
6570
3291
10752
2785
7547
4151
4667
4557
7028
4664
8977
7436
18
7225
7976
11213
4257
2937
11132
4257
11132
2719
5167
2488
4291
9593
8631
7412
4291
9593
8631
8182
7412
4291
9593
243
2346
84
2836
5015
10553
9559
1779
3846
10063
8310
10092
8825
7313
1833
1264
6321
8927
1722
3468
10402
3690
10402
1538
5289
1862
8110
4456
5538
9177
4697
10149
722
10149
4023
11078
7515
3131
277
10233
5160
8595
9703
11286
3315
7922
7287
205
3265
7922
3315
538
9955
262
10243
5072
5051
6624
9059
4503
9716
9302
6559
5026
6371
5986
538
9955
7986
1965
1481
7602
9892
8811
5116
3175
1408
297
4800
10953
8195
5116
4831
4379
7602
9892
5630
7986
1965
1481
7657
2142
7567
8926
10038
7421
4768
6944
5109
1415
8392
6288
11033
6257
5648
9037
8920
2600
3638
2600
7492
3177
4031
476
10765
3917
6253
7305
10016
7205
10923
7171
3956
5203
7008
4144
2843
9884
7171
3956
5203
7008
4144
1750
10437
228
4241
228
1980
405
2979
589
3568
7211
3568
55
2696
8773
9442
4550
6874
1980
9719
6327
9719
1750
10437
9290
11170
3108
9040
7798
11021
7798
11329
4600
8135
2097
10628
3638
10628
3296
8024
2600
7492
10721
9338
4600
8135
2097
10628
3296
10655
10427
8549
2648
6068
2648
2600
4493
9778
3953
575
3953
3486
1387
9256
1740
8048
1740
3868
62
1408
3955
2452
8815
2452
297
4800
10953
5276
8081
8646
5940
9332
7432
8388
9013
2982
9013
4492
6068
2600
10793
6257
5648
10411
4435
3177
4435
8920
2600
10793
1370
11033
6257
6123
10411
9715
5574
5933
4435
8920
2600
10793
1370
2558
9562
7345
504
3527
7719
1370
2558
11341
1415
8392
6288
11341
1415
8392
477
2254
1116
8561
2922
4335
2922
401
8561
6800
8561
5113
7403
10796
5095
6242
1525
11
9017
7359
550
10748
1146
9538
6893
7538
1435
550
10748
3082
8093
10059
3682
8090
4143
3020
4946
9792
1547
2702
3549
3744
4516
7281
2751
2239
7075
8109
9480
9224
2890
4501
8399
8401
5819
9855
1786
4581
10057
2144
6125
3611
7610
5953
10241
7392
9074
155
3924
9098
1018
3295
3625
9124
5515
9544
4079
1359
8147
335
5141
1461
9210
10278
1906
15
8309
7921
9501
3690
10402
1538
5289
10857
377
722
2501
1137
7977
4780
1601
10158
7659
5843
3757
1590
2045
1493
550
1435
7538
6893
8481
9677
4842
2157
4936
3683
3411
6330
11184
6848
2400
10352
7050
1638
6542
3503
2778
4668
1855
8090
4143
4668
1855
90
9638
2536
10221
1211
10672
8874
4094
4380
51
6623
10059
3682
8093
10059
90
9472
8547
7361
7828
1973
5789
3858
5709
9638
9591
5307
5789
3858
5709
9638
9591
249
10621
7223
10621
5307
5789
7361
11250
9678
11221
8199
7967
4296
9313
1679
918
3503
9792
1547
9538
6893
7538
1435
10227
7538
1435
550
10748
3082
8093
10059
90
9472
3019
2508
3019
6520
5709
9638
9591
249
5003
10546
5407
9422
2083
9721
3475
6281
9510
10700
7583
5916
3233
261
11213
4257
1112
315
1342
9307
2757
7133
4420
6087
3426
3724
3379
6570
3291
10752
2785
7547
3773
714
6344
7739
3695
844
2539
7973
5082
9417
5291
10966
10827
9651
5649
6402
10578
10027
1401
10273
3228
10629
647
258
7125
3374
5082
2539
7973
4068
5226
3902
7125
3374
5082
2539
7973
7883
8707
7105
2690
7336
2085
3812
5491
9874
1993
2226
7162
5622
9882
6803
7807
6803
6460
5049
3187
6460
5049
3435
4323
1357
8364
1357
3435
8191
7866
439
6412
3069
6776
1521
939
267
7422
5603
4081
3076
4567
10065
8706
6614
8014
2793
8490
7243
10192
2378
4199
1454
4893
2378
3367
611
7003
4199
1454
267
7422
7059
1530
3709
10652
4856
7005
5375
7424
6982
588
7424
6982
588
3741
7784
615
9913
2135
8113
1933
4284
10652
4856
7005
5965
5844
612
3368
1341
4385
10598
612
3368
1341
4385
10598
2348
612
3368
1341
4385
10600
4190
473
2348
612
3368
1341
5724
1070
10584
9324
179
6966
10058
6586
8862
7521
6179
5985
10501
6274
4025
11023
10350
1854
4921
1013
1438
2343
251
3570
4219
1033
6833
5907
2374
8788
5616
4279
498
6480
9939
578
3337
10406
578
3337
9545
10451
5712
4530
4971
9517
3239
5455
7854
4969
8000
6243
9632
5597
97
4890
628
7720
2217
9632
5597
97
5351
3837
379
4890
7451
7311
8820
9807
6084
9465
8066
1827
3456
1124
3355
7439
79
10090
1854
2218
9967
2218
6993
8965
760
10949
3053
4294
5439
8066
1827
3456
9183
7079
332
7079
5387
3109
124
4625
7081
8555
6084
9465
7081
9728
7794
11159
3605
8555
4813
8820
1949
5865
3053
4294
5439
8066
1827
7448
4625
7081
9728
7794
124
7794
11159
757
8519
3125
10683
8777
7717
4212
7136
2116
3410
7035
6234
1362
3128
7118
4667
4557
4664
8977
7436
18
7225
7976
5916
3233
261
11120
8182
7412
4291
9593
243
3233
261
11120
8182
7412
4291
3827
6221
6336
6584
6048
8807
6178
8238
9501
3690
5289
10857
976
10992
5134
377
10992
900
3860
10310
6920
3468
8927
4699
1264
6321
10310
6920
1538
5289
10857
976
10992
900
4976
6044
346
10158
7659
5843
1011
11298
7781
591
3115
591
5199
10743
3115
1011
11298
1492
2350
723
9435
10496
723
9435
2312
3860
4886
3443
8825
8741
1308
2736
11074
8238
9501
1722
3468
8927
4699
1264
6321
10310
10992
900
4976
10496
6044
346
10158
1601
131
2501
1137
2501
722
5558
1081
10735
712
6860
4243
6908
8595
9703
11286
3315
5594
7287
205
10038
7421
4768
6944
5109
1415
8392
477
2254
10440
8371
3197
5410
4524
8128
1437
7305
10016
1552
7616
1552
7531
1404
4031
476
10765
3917
5574
5933
4435
8920
2600
10793
1370
2558
11341
1415
9858
5109
897
7811
1244
2492
23
7939
9562
6652
4511
9256
7181
3175
1408
3955
759
8388
793
10121
308
6016
7211
2097
10628
3296
10655
10427
8549
8024
3638
9338
5942
11329
5942
6866
3177
6866
10721
6866
11021
1404
7531
476
10765
5933
4435
8920
2600
10793
1370
2558
11341
1415
9858
3619
8478
1081
7515
3131
277
5800
5160
8595
9703
11286
3315
9955
7986
1965
1481
7657
2142
7567
4767
1288
8926
10038
7421
4768
6944
5109
897
7811
216
305
6957
3567
1746
998
946
9773
8257
4598
7180
4511
9256
7181
3143
8169
4767
9773
8257
4598
998
946
1288
5814
8480
8699
7421
4768
6944
5109
897
7811
216
305
23
3567
5814
8480
8699
7421
4768
6944
5109
897
7811
216
305
1244
2492
7939
9562
1746
7180
6652
7345
9256
62
3868
3955
759
8388
793
2809
308
3296
10655
10427
4492
2710
6175
8048
759
8815
4800
7432
793
2809
2982
10655
10427
4492
2710
1656
9778
3953
3486
1387
9256
8315
8574
4171
1656
9778
3953
3486
1387
9256
8315
8048
759
8815
4800
7432
10121
6016
7211
2097
10628
3296
10655
10427
4492
2710
1656
9778
3953
3486
1387
8574
4171
6175
2710
1656
9778
3953
3486
575
504
3527
7719
7910
3527
7719
7910
4493
9778
3953
3486
1387
9256
7181
3143
8169
4831
4379
7602
9892
5630
1385
262
6559
5026
8429
10614
6371
5986
8017
10850
296
11010
6317
8648
5915
1230
1461
9107
4195
4461
9578
8887
6631
2130
9105
5556
9105
10769
4649
7509
3483
2612
1606
3169
7761
3139
10472
5225
5884
3625
2208
9124
5515
378
9544
4079
1359
8147
335
1403
335
5141
1461
9210
10278
11243
3457
1120
6996
1847
4817
3318
1348
5386
158
6425
880
10645
9210
10278
11243
3457
1120
4817
3507
1037
3162
738
1888
83
103
4892
5839
6663
5087
1317
4955
8050
10431
8451
7186
3318
1348
5386
158
10278
11243
3457
920
8087
1847
4817
3507
8427
7199
9720
1142
83
103
3950
3129
103
3950
5839
6663
5087
1317
738
6663
5087
7621
6843
8050
3859
6239
9522
876
8780
2700
10336
7727
2359
1555
42
608
8286
1792
6020
2359
1555
42
608
9005
9743
6159
6421
1878
590
2742
6593
4602
5932
2534
4070
1541
447
2887
7324
6877
8535
8286
1792
6020
2359
1555
42
608
9005
9743
6159
6421
1878
8476
2848
10033
9926
8659
7979
8326
3743
499
3932
2168
7626
3495
7413
2705
27
499
9142
6659
11321
5219
6984
8343
6565
5501
9131
3008
4561
11060
6052
3389
4563
8666
7428
7965
5911
5501
9131
3008
4561
11060
6052
3389
4563
8666
8964
9291
9061
826
7413
2705
27
499
9142
6659
6984
8343
4272
3255
193
10348
9367
1650
6459
3819
949
6492
11077
1423
10651
10033
9926
9407
5068
8656
10651
10033
9926
9407
5068
2611
2815
2611
4164
9481
8196
7979
8326
3561
4033
3819
949
6492
2742
6593
4602
10638
1101
3393
11175
1355
10266
2384
860
2384
1718
3393
11175
1355
1718
3393
11175
9791
949
6492
2742
6593
4602
10638
8327
7111
3778
1834
8052
8803
9973
8803
6377
8803
10365
8969
2937
11132
10898
8969
672
10005
315
8955
9971
9307
2757
7133
6508
5103
9973
9170
10907
7698
8379
3191
7040
860
7111
860
7040
1834
10907
3191
8379
4958
3426
3724
2044
3426
3724
3379
6570
2535
189
6018
3629
189
6018
6666
7436
18
7225
8305
5878
5106
10466
10186
8958
2116
3410
6005
2077
4628
6005
2077
4628
7136
2116
7028
10186
8958
676
427
3238
4005
5125
7895
4655
8519
3125
10683
8777
7717
3784
11193
2077
4628
7136
2116
7028
10186
8958
676
427
3238
4005
5125
4212
5125
7895
4655
8519
3125
3109
5387
3456
9183
5010
8572
3355
7439
3142
332
8572
3355
7439
3142
5836
1388
5721
1388
5836
79
10090
2171
9707
6274
4025
11023
10350
9707
6274
6586
8862
7521
8934
10973
7958
9194
8934
10973
3071
6050
3179
9218
3036
8079
9185
6344
7739
3695
3866
9218
3179
6050
3071
844
2539
10822
7973
7883
3902
10004
8345
9737
3578
1261
4922
6563
5963
8633
2434
10004
3902
647
258
7125
3374
5082
2539
10822
11244
8707
2791
34
3812
5491
9874
1993
2226
7162
1987
4856
9104
7483
1987
5965
1987
7483
4765
5622
9882
11094
9874
1993
2226
1752
2961
1618
1752
2961
11244
2961
1618
6753
3368
1341
5724
10239
8332
543
9979
10398
8944
1594
9176
9305
6906
4226
4415
1033
6833
5907
2374
4687
7089
10084
8843
3053
9639
1739
1920
1820
9639
1739
4687
1013
2374
8788
4603
3670
5616
4279
498
6480
9939
2187
7629
619
1132
8162
6678
2959
3086
4477
9384
8162
6678
2959
9365
183
9305
6906
8944
1594
3935
6683
329
1748
2682
972
2682
1748
9964
5427
329
164
5378
10671
2746
5534
7145
10671
2746
9116
8349
8880
10487
2543
1681
8349
8880
10487
2543
50
4157
4725
7877
9667
128
7457
5119
1951
2674
8303
5119
1951
6426
3172
832
4182
9286
834
6598
2485
8634
4146
8597
3127
8454
9790
8319
1099
5994
2904
6789
3418
8722
8600
2040
6606
8496
3609
5897
4472
343
10526
5260
10754
10681
7262
1094
11144
4527
3777
904
6862
2768
8751
8352
10464
10587
7684
3869
10886
5260
10754
10681
7262
9467
1094
3869
10754
10681
7262
9467
11144
4527
3777
904
6862
2768
8751
8352
607
1150
10032
8828
1968
1366
2280
1239
607
1150
2280
1239
607
1150
10032
1968
10587
7684
3869
10754
10681
7262
9467
11144
4527
3777
904
6862
2768
2930
8045
3154
5816
7614
4366
4665
244
2715
2874
3945
5573
9992
4907
5607
6713
6096
10238
4531
9689
3414
2777
5500
634
10168
871
2298
1970
8235
8581
3739
6783
7508
545
8694
5535
10874
4985
11135
117
1035
8986
11149
1807
9410
10274
5968
4269
17
9640
2583
9402
451
6517
11154
1688
2052
10359
1695
706
10417
1598
1245
1598
6677
6554
7701
2065
7488
5746
2908
3893
426
10086
6054
3454
662
4467
2304
7488
5746
2908
7774
7874
6012
1368
8692
2883
10605
399
10605
5748
1998
1076
1998
7949
11219
4784
9965
8639
2102
4677
399
4677
2084
1321
8960
3944
2465
10355
8800
9561
8245
1507
2054
3698
5777
9802
8028
8954
9963
1314
3698
5777
6219
8103
5432
613
3351
634
10168
3904
8800
5714
9372
4615
2164
4615
9561
9945
5714
9372
4615
9561
9945
9372
4615
9561
6219
6710
11334
9015
5432
613
3351
634
4788
7651
4891
8175
4788
9587
3402
2996
7913
11044
2421
9587
2421
3402
2996
479
8073
7913
11044
9525
6150
10610
5324
2737
3159
7354
9831
2329
6209
7196
144
8906
3774
3438
5744
4389
10018
3334
6097
10089
3305
7238
1314
3698
5777
6219
6710
11334
9015
613
3351
9046
3532
6343
9012
3438
5744
4389
10018
5657
7888
5549
11312
617
7299
2635
7888
5549
11312
1720
1144
617
5040
5813
7299
2635
7888
5549
11312
1720
1144
5040
5813
7299
2635
10018
3334
6318
7328
942
3305
7238
1314
3698
7772
1799
9963
1314
3698
7772
4404
1799
9963
1314
3698
5777
6219
6710
11334
9015
613
3351
9046
3532
7576
9636
5409
6247
10868
10313
6621
5409
6247
10313
6621
2913
7576
8103
8028
8954
7576
9636
5409
6247
10313
6621
2913
9636
5744
4389
7482
1881
8810
9130
9953
8568
9714
7544
11050
6163
1557
5883
5356
9866
2347
7094
3264
8761
10633
532
7246
532
4665
244
2874
3945
437
5951
8996
10468
8716
5951
8996
10468
8716
1791
272
8037
9732
4970
6411
4996
6411
6947
4943
2024
2773
272
8037
9732
4970
5297
2134
7544
10097
9314
5890
9474
9514
648
2349
10962
7723
6163
1557
5883
5356
8037
9732
2495
5835
813
7019
8996
10468
2024
2773
9842
8716
4574
9866
2347
7074
2715
2874
3945
437
5722
7019
8996
10468
2024
2773
9842
1791
4574
9866
2347
7074
7094
3264
1271
7788
4416
3140
10464
10587
7684
3869
10754
10681
7262
9467
11144
4527
3777
904
6862
2768
2930
9054
9796
3065
4042
2229
10881
9054
9796
3065
10881
9054
342
8045
342
6627
3154
6627
9796
3065
4042
9694
10470
7358
2755
9694
10470
5411
5157
1769
1391
4118
11249
3085
278
3396
1391
3085
278
3396
10438
7556
2404
10460
1797
6595
6831
7902
5514
10644
9215
10152
7902
5514
10644
3314
1062
8661
10210
143
4228
3062
8144
8786
7296
9964
1748
1824
5854
5153
8689
5153
2674
8303
5119
1951
6426
3172
832
4182
9286
834
6606
1402
758
3222
574
3865
3566
3544
671
3609
5897
6069
6789
3418
8722
8600
1054
8454
9790
8319
3418
8722
8600
2040
3127
2040
5791
6598
2485
8634
4146
8597
5397
4146
8597
5397
5791
6598
2485
10595
9358
10595
7803
8755
1169
3559
7830
1893
7830
3559
7368
2939
600
4595
600
1885
3111
9836
2797
8009
972
8009
2797
9836
3111
1885
3272
5157
7556
2404
10460
9596
6595
6831
4504
3526
5641
3662
10143
3023
798
3023
11032
737
4814
194
10889
9524
10964
194
10889
3185
6292
5100
4692
4275
10368
2614
10275
3966
1667
10368
2614
10275
3966
1667
6075
7512
10263
7512
254
8753
1705
4832
8287
9741
7881
3938
2667
8301
5150
6075
6689
3938
2667
8301
5150
2423
4275
7061
4275
10091
1298
8219
8764
2614
10275
190
1301
1202
7080
4427
3312
4140
7043
8975
6963
4040
5608
3781
8861
7321
9038
529
5716
5608
3781
8861
9051
294
10986
5754
4487
4412
6786
7595
6218
3041
10069
2264
772
7467
1801
1190
5187
8542
7160
7768
2256
9885
5548
4580
7011
6310
7259
1190
5187
8542
7160
772
7467
10920
10372
8129
2285
5489
10372
6030
5666
9961
2963
4086
6865
5794
10476
4956
3926
8054
2133
11043
9690
3040
8613
123
5862
11150
1136
10654
2105
1268
1873
572
4948
7434
6704
5489
10372
6030
5666
9961
9497
2963
4086
1549
10476
4956
3926
8054
2133
11043
9690
3040
9321
8983
10615
8983
7274
8983
8613
123
5862
11150
1136
548
2228
548
10109
10654
2105
10217
3493
10703
729
10311
10263
1667
10263
10311
1577
10819
10275
190
9448
9889
9999
7043
8975
6963
4040
1216
3563
5753
4763
5242
1577
10819
9380
4232
9889
9999
7043
8975
6963
4040
1216
3563
5753
6362
4763
5242
4232
5242
1577
10819
9380
190
9448
9999
7043
8975
6963
4040
1216
3563
5753
6362
3493
10703
2228
729
11181
6562
254
8753
1143
3830
984
9976
984
4986
11339
509
7274
11296
9321
4686
7352
478
9844
631
3403
4304
2489
10783
488
11325
11030
4791
7440
1222
5757
6548
5757
1984
10695
7589
2898
428
11247
428
8339
10585
4051
7551
1048
5612
3833
5499
11268
5085
6872
9810
6872
10985
6872
10570
3573
2179
10662
9296
10662
1823
10894
6873
7697
10865
7741
5499
11268
5085
3833
5499
11268
10971
1731
3573
3916
4262
1524
3929
9934
9810
5612
9810
9934
2303
454
5749
9991
2303
454
5749
9991
7822
3929
7822
7456
2451
4777
1999
7639
8425
3293
2451
3293
4836
7504
6393
129
10251
6645
9937
553
9739
8938
9739
2475
7953
10947
7730
10927
7617
7206
5206
7778
2058
6236
445
5206
4462
9143
10835
9227
4213
6645
9937
553
9739
5999
2438
8164
2624
10362
1191
6387
9383
6255
4394
10524
7762
6725
1221
1564
1221
5824
7574
10976
6387
9383
6255
4394
10524
7762
584
9896
5811
7893
2445
8254
9405
3333
9405
6879
3871
2004
1607
9133
3118
7342
4730
326
7737
3853
7737
7961
7893
326
7737
2445
8254
9405
6879
1967
3927
935
11210
8812
935
8812
1967
4394
10524
992
9383
6255
4394
10524
992
7574
10976
6387
9383
6255
4394
10524
7762
584
3333
9896
5811
5476
5780
7590
5780
1309
7200
7780
7200
5191
7590
4323
1357
3435
8191
4399
5826
11161
5870
7165
8419
6442
5332
4893
2378
3367
10192
7243
10648
1760
1771
9893
2368
8138
11161
5870
7165
8419
7891
2355
6776
1521
6442
5332
939
267
4081
3076
4567
1953
10387
8114
3076
4567
1953
10387
8114
9968
311
6521
9055
6537
9524
10964
737
4814
194
10889
3185
7127
8545
9771
482
6749
2118
8287
9741
7881
3938
2667
8301
5150
2423
3042
10708
11183
7881
3938
2667
7881
3938
2667
6689
3938
1705
3740
6420
830
3277
721
5136
1427
794
2675
3910
2709
10826
1427
5136
7153
2442
11014
7683
1485
6203
5894
6727
4124
2091
11345
4039
1554
5840
1082
5840
2337
1082
6059
8384
6722
8384
4984
9217
289
11061
7541
4057
9878
4057
8372
9053
7210
5391
10222
1550
9053
7210
5391
11104
1760
1771
9893
1685
9509
10515
8138
11161
9843
3405
439
6412
1879
136
3405
439
4765
3541
6412
1879
2355
6776
1521
6442
8419
7891
136
3405
439
4765
3541
4959
9104
4959
1530
3709
1933
4284
10652
1933
4284
5375
7424
6982
473
2348
2784
5844
612
6753
3368
6118
2106
234
3512
3890
3512
5724
10239
4385
10600
8332
543
2453
6683
329
164
5378
4533
6529
1594
3935
10398
8944
6686
3176
8912
9979
10398
2453
6683
3190
9289
2453
6683
3190
9289
10878
6815
4190
588
3741
7784
8113
5168
1620
6497
3477
6309
4997
106
10113
697
9309
3062
8144
8786
7296
2585
2695
7231
8765
8483
7450
3785
3180
1622
1897
4934
8483
7450
5427
329
164
5378
4533
6529
1594
3935
7686
9958
6683
3190
9289
10878
7066
4638
1622
1897
4934
8483
7450
5427
329
164
5378
4533
4073
7686
9958
6683
3190
9289
7066
4638
7864
9913
2135
10807
5168
1620
5624
6497
3477
10113
4934
8483
7450
5427
4636
3190
3180
1622
1897
10807
5168
5624
6497
3477
5166
9571
940
10849
5603
7422
3069
6776
1521
6442
1945
2368
8138
5826
3214
7780
6322
855
2474
1675
7284
6322
855
2474
1675
5923
1896
4793
2561
5764
2474
1675
5923
1896
8234
2899
178
4622
7327
8184
7327
6889
10784
5955
10784
7435
4789
5975
7206
5206
268
3077
8314
178
8314
3077
7778
5206
268
6889
10784
7435
4789
5975
9359
4789
5975
9359
4630
2078
2475
6844
4266
4630
2078
2475
6844
10947
7730
4266
7617
9359
4630
2078
9397
5142
2654
2078
9397
5142
2654
5824
7762
584
6725
1221
8640
9346
8791
8184
3394
4622
3394
5064
7284
7200
5191
4399
9843
5870
7165
1945
2368
8138
5826
3214
10581
3657
2161
2561
5764
10265
4592
10581
3657
2161
10265
4753
7780
4753
4592
10581
7620
4619
2093
4536
10844
7620
3657
2161
10265
855
2474
1675
5923
1896
8234
2899
5170
5923
1896
8234
2058
6236
5745
1233
4210
2179
10662
5901
4876
1731
3573
3916
4262
1524
10570
10985
10971
1731
5901
10894
6873
4876
11268
10971
1731
5901
10894
6873
10865
7741
1048
6995
4051
7551
1048
6995
7070
4637
3031
5287
10853
4124
2091
10182
1379
3502
11345
2091
10182
5894
6727
9136
1
10500
6768
1225
2591
323
5847
5287
10853
9136
1
9572
9776
7683
1485
6203
9572
9776
2709
10826
2675
6641
3910
2709
10826
2675
6641
10500
6768
10677
10053
5070
10071
1989
11125
1225
2591
323
5847
5287
323
8339
4752
9382
4752
4659
1446
2554
9199
1534
8167
7819
10788
38
7466
9019
3432
5217
10788
5217
74
9125
8167
7819
74
9125
6839
5905
274
9382
3340
7551
1048
289
11061
11136
576
10449
8100
11104
1760
1771
1546
10222
1550
3452
642
8372
642
9853
10673
9296
11338
5987
4536
10844
7620
3657
7756
11128
11335
2093
4536
10844
7620
3657
7756
4619
2093
4536
10844
4438
5267
5960
10844
4438
8364
5267
5960
9509
10515
1685
1546
10222
1550
3452
8082
10673
1823
9878
9853
10673
9296
11338
11335
2093
4536
10844
10222
1550
3452
8082
5987
4536
10844
7620
3657
7756
11128
5745
1233
4210
4262
7608
4210
4262
7608
7504
6393
129
10251
6645
9937
553
9739
5999
2438
8164
9625
739
10393
5142
2654
7378
1781
9346
1781
8184
8791
3696
1309
5476
9547
5700
3696
1309
5476
9547
8640
1564
7378
5955
7435
4789
5975
9359
4630
2078
9397
5999
2438
10393
2438
8164
2624
10362
2560
10824
7039
10824
2560
6506
9505
9144
8938
9277
9937
553
7953
10947
9252
5343
6955
9143
10835
9227
4213
9252
5343
6955
9227
4213
9252
5343
10927
4462
445
502
1233
4210
4262
7608
7504
6393
10835
8400
502
8400
7504
6393
129
10251
9949
129
9949
2711
5176
10422
4245
9713
10171
10422
4245
9144
8938
9277
5176
10422
4245
9713
10171
306
3007
9949
2711
306
3007
4359
5110
2994
1806
8422
1535
3523
7194
1066
5523
469
1089
3951
1699
8967
3363
7605
9641
8120
7875
6455
2317
7665
6065
7143
3759
6383
10776
2897
4009
8458
2227
7121
2214
6731
5893
4085
5738
7890
2897
4009
8458
10995
2227
7121
2214
6731
5893
4085
5738
7890
2897
1512
10477
9840
7479
10128
5112
3061
9585
11049
291
2622
9957
8896
10378
8896
598
10099
598
2518
4337
10026
218
2206
6466
10099
2518
4337
10026
10547
1500
5323
1500
11293
10146
3630
11293
10146
3630
10620
5323
10547
1500
11293
10146
6471
1245
6401
1163
6401
8112
9001
6827
9129
2540
4220
6604
9311
8398
9068
4476
4623
3117
2092
2335
1039
6822
9972
6775
765
417
9972
6822
3116
1039
999
2153
10030
999
2153
10030
10199
2335
1039
999
2153
11106
10434
7314
4887
8925
3912
8579
9001
8579
6484
556
9897
8899
1439
8899
8244
1439
8244
6484
5845
9897
10404
6604
10404
9897
5845
556
8925
4887
7314
10434
3445
9032
7343
9032
7198
6834
9077
6669
3336
4
7414
1905
7919
5017
6119
1205
9704
11109
1602
2966
4386
11219
4784
3639
6004
1060
6004
6196
1078
431
3208
8556
2084
1321
8960
3944
8556
8639
2102
5748
1998
7949
8725
6136
9077
6669
6600
5957
7414
1905
7919
5017
6119
1205
9704
11109
1602
2966
8725
6136
6600
5957
1905
7051
7919
5017
6119
1205
9704
11109
1602
7244
1299
10078
10941
3554
2390
7950
2955
2652
10941
3554
6490
2999
10941
2999
6117
9601
8557
9601
6117
1299
10078
11109
1602
7244
9654
8557
8445
10968
2164
288
10968
2164
288
2811
9944
1507
2054
20
4126
7950
2390
3210
20
4126
2914
11157
2955
2652
10420
7996
11111
6119
1905
7051
9581
6155
11140
582
9940
3388
1188
4805
257
10261
3825
4516
7281
2751
2239
3878
2364
3216
7851
3775
5837
5431
4288
3330
102
8336
7120
6410
8246
2512
3419
3171
7138
9265
3397
5465
3130
10198
10140
11194
5369
1160
7423
8774
8863
526
11024
8194
5568
5831
2753
4545
4490
9298
4818
2416
4926
2729
8203
10753
10757
2243
8016
2441
3224
10862
8872
5496
10680
341
1459
1432
188
1313
307
11223
7391
1199
2669
5278
1817
6867
11333
7848
5848
3101
11322
10189
6458
2821
6841
3358
3195
792
1809
8412
7337
9616
2780
4754
5600
7042
1961
7217
1168
10933
9566
4239
10983
5590
368
8416
4233
8155
10128
5112
3061
9585
4476
4623
3117
2092
2335
1039
6822
9972
6775
765
7767
6437
4618
4302
799
9052
1909
10261
6930
11274
7015
10067
5135
10705
8866
6326
172
6326
11310
1462
5135
10705
1869
1206
8092
2104
8092
8866
6326
11310
1462
2687
8785
443
3225
8318
2073
2651
6647
9445
7047
2497
6169
9445
4578
11137
5770
3225
8318
2073
2651
6647
5677
3469
7691
4945
8227
1909
10261
1909
9052
799
2012
4805
257
11274
7015
10067
5135
10705
1869
8158
6389
3772
11140
582
9940
3388
1188
790
6389
3772
6155
11140
582
3336
4
9581
6155
11140
582
9940
3388
1573
4248
3908
10838
8829
7364
2706
4933
6437
4618
4302
799
2012
11337
4496
8829
7364
10617
6972
2012
11337
10617
6972
2012
11337
4496
4248
3908
10838
2706
4933
10552
417
10552
10794
9063
3908
9063
7489
1573
7489
9168
10428
10794
10428
9168
3258
5081
7198
6834
9940
3388
1188
790
7015
10067
5135
10705
1869
8158
10067
5135
10705
1869
1206
6450
5017
6119
1205
9704
10420
7996
1205
9704
11109
1602
7244
9654
4913
2966
4913
4386
11219
4784
3639
1060
3639
9965
8639
2102
5748
1998
7949
8725
6136
9077
5902
3073
8029
3073
6012
3893
426
1368
1329
7458
7878
8029
3415
9804
9152
3415
9804
5856
5271
5856
1076
5271
9152
7878
7458
1329
1368
8692
10960
10048
2252
1947
7810
3424
3025
214
8564
11135
8564
5114
8564
2990
11179
1768
655
1768
7461
5882
655
2990
11179
1768
7461
5882
4178
7555
4966
7555
7461
5882
7020
9374
6071
7810
3424
3025
7433
1035
8986
11149
1807
9410
9809
4757
4470
2313
7484
3050
8528
782
5861
8208
1830
7048
7842
6612
5861
8208
1830
7048
7842
9784
2840
451
6517
11154
5833
10159
6017
7001
5296
7656
2201
3728
7286
7928
3384
2957
8539
3354
660
9335
1903
9293
6676
9335
1903
1745
9033
10429
4451
2291
7699
10429
1452
6144
9902
8818
1830
7048
6612
5447
7484
3050
782
5861
8208
4132
9735
11278
8243
2176
795
6504
4499
2176
795
8903
2873
1353
5029
2555
8094
9536
169
3681
7777
6881
5855
5047
3029
1513
10568
7575
2398
667
9813
2697
9629
3664
5043
10455
1572
8529
2977
10512
7750
2249
2739
2034
675
3417
7055
1100
9808
9234
11173
775
11173
10559
9234
4414
7161
10879
8331
9629
3664
8259
10455
1572
2846
9326
5336
5152
6291
448
9630
3270
6092
1036
3422
4353
9630
3270
6092
9468
6092
1036
3422
6739
2795
5672
3886
4495
6259
727
2422
10163
4614
10441
4903
5830
1528
3960
9219
10631
4352
9270
3995
10710
7012
6524
6076
5349
3153
5506
555
6076
5349
4983
3937
6333
135
3500
2181
6006
5061
5676
10538
5482
9014
8487
3319
5645
1486
9138
2545
10856
6264
10785
9914
898
7580
1425
2691
6828
302
7470
6514
4047
3640
6808
11116
5645
1486
9138
2545
10856
6264
10785
1414
4987
6514
4047
3640
9751
2468
7901
5672
3886
4495
6259
727
2422
10163
4614
727
2422
10163
3260
5481
1154
2733
7664
6064
623
6064
10366
8970
4485
1432
1459
10680
5496
8872
10862
5076
5394
9686
9826
1263
6398
1604
10211
5822
9826
1263
6398
1604
1284
8625
2417
10465
8335
1978
5699
5962
9048
9748
950
6485
9315
6805
6970
8456
4355
8872
10862
5076
5394
10715
4312
4816
4365
6541
10753
5315
6591
8282
8203
10753
5315
6591
4781
8360
8762
9166
8294
9750
5817
4345
7963
9530
242
6956
8415
6262
10409
6956
8415
6262
3321
6333
135
3500
2181
6006
5061
5676
10538
7073
821
4841
9898
4841
821
8949
10626
6667
85
2505
6379
4772
9154
10502
8962
4748
1173
4077
2087
507
10746
4532
465
1526
586
1644
2030
11258
9330
10936
3783
1193
9330
10936
7185
8033
8873
3970
6386
4502
3783
1193
9330
10936
7185
4502
8680
7269
7868
11237
1077
1811
6099
5088
2661
6681
11237
6681
9803
819
6386
4502
8680
7269
6748
7868
3783
1193
9330
1633
10607
9398
11328
9901
2114
11238
6697
10012
9947
842
5772
7265
6773
966
5758
6469
11280
7360
2802
10779
7395
5053
10779
7395
5053
6594
10667
6799
6446
2727
558
3610
5758
6469
11280
7360
2802
10779
7395
5053
8220
9375
5453
1110
5938
8787
5197
7395
5053
8220
9375
5453
3095
4999
8531
5927
4656
9267
2902
2919
10846
5346
10462
3790
6961
2089
7757
3269
5341
10083
4348
6901
2375
2255
411
10083
4348
6901
2375
1463
6363
1376
8637
5569
3002
7511
2831
6558
5033
10639
610
65
10727
8998
1630
5033
10639
610
65
10727
1950
7688
10816
4063
10074
2051
1172
8046
6959
9149
2967
231
2579
10534
77
2108
8190
360
6361
5240
1665
8464
1665
4733
10473
2511
5240
1665
4733
4463
10687
4463
7663
11245
3587
1237
7241
10282
8770
10816
10934
4063
2051
1172
4656
9267
2902
2919
10846
5346
10462
3790
1463
6363
1376
7549
11323
610
65
10727
10435
4419
8998
1630
8723
796
3751
6003
3587
1237
4419
8998
1630
8723
720
1280
796
4419
8998
1630
8723
720
1280
7562
9619
720
1280
5492
3751
6003
6802
47
1063
4320
4918
9351
1147
8758
7257
4824
8124
3075
8914
6444
6975
5740
8914
6444
2772
5663
1417
1640
604
4918
3607
6041
3631
1063
4320
4918
3607
6041
9413
3631
1063
4320
4918
3607
6041
9413
2050
7689
2050
2511
5240
487
6361
1665
4733
4463
7663
11245
7241
10282
4188
10934
132
8464
11324
8185
5189
6959
9149
2967
231
2108
8190
360
6361
9756
1183
9608
360
6361
9756
1183
9608
2028
7270
77
2108
8190
5317
2869
8185
5189
852
2869
5317
11324
8185
5189
852
9149
2967
3371
1204
4180
6798
1433
10079
415
3805
8226
8882
5252
704
5507
3391
10343
3313
11020
7951
4253
1024
5920
2140
7666
3635
11056
2901
3249
5037
9347
5899
9824
5001
1816
5250
2562
44
3122
5159
7545
3447
4560
2155
4560
8342
11102
3542
165
7666
3635
5993
11102
3542
165
191
2155
3579
191
2155
7814
6738
11188
5674
1374
5016
8300
4281
1670
5674
1374
11257
5016
8300
4281
1670
2825
6649
2825
10943
4750
10893
2180
3035
4377
9329
905
4377
9987
5873
1610
5729
10293
7247
10118
1042
3618
6045
7347
9243
3806
1294
7060
5796
3093
6806
2408
2260
1219
3538
6532
5807
4306
1612
4129
6482
3282
6630
10326
5527
5623
8756
5926
10972
4679
5610
6502
4318
8098
3820
5926
10972
5610
6502
4318
8098
3820
4700
2225
10407
554
3282
6630
6699
6819
6699
4418
3166
8448
7093
10259
9153
6195
8448
7093
10259
4136
7382
699
6476
4136
7382
2439
10104
678
5765
6765
2933
1020
11134
5765
6765
4014
126
8215
4222
6917
9998
2998
6414
7041
4672
2998
6414
7041
7090
4249
7090
8506
2889
7945
10809
7251
8747
1907
6640
5390
7880
9101
1671
5069
1671
4147
6640
6204
4474
9551
1156
4518
8115
3465
4877
7273
6452
4145
6620
518
5953
10241
7392
8516
3464
2419
7661
3107
11276
9584
1365
9846
3462
7332
4711
5032
3834
5984
3515
2829
3517
10363
7628
8971
5617
5625
9197
1825
1004
8479
347
10162
3
2121
10363
2121
8971
8784
7271
6328
895
7271
3401
3442
5617
5625
9197
1825
4082
5347
10658
8292
6475
6418
6146
4100
10977
101
7202
5759
72
2528
2523
9798
7428
6000
9240
6116
580
5501
9131
3008
4561
11060
6052
3389
2916
5062
3932
2168
7626
3495
7413
2705
7034
7704
6852
8101
9449
10762
1783
9089
7509
3483
2612
1606
3169
10472
5225
5884
5515
378
3839
6126
430
58
3839
6126
8118
6631
10472
5225
8118
8186
430
7481
9578
4988
6899
2049
8733
7186
3318
10056
764
9000
330
10645
330
8830
9000
8830
880
10645
9107
4195
764
3789
6425
3789
1348
5386
158
10278
1906
9245
8309
7921
10280
3687
4456
5538
9177
1068
1862
8110
3687
4456
8110
168
3690
168
10280
3687
4456
5538
5498
9177
1068
10857
976
5134
377
722
5558
4023
11078
7515
3131
277
5800
11286
3315
9955
7986
1965
1481
7657
2142
5594
10038
7421
4768
6944
5109
897
5366
216
5366
6957
8480
8699
4768
6944
3265
9703
11286
3315
9955
7986
1965
1481
7657
4379
7602
9892
5630
1385
262
6559
3230
8455
8017
10850
8455
3230
9716
3230
5915
1403
9716
1403
3406
5827
8122
1836
2208
1836
4503
1312
9736
2965
3295
3625
9124
5515
9544
4079
1359
8147
335
5141
8147
58
4079
1359
8147
335
5141
1461
9210
10278
1906
9245
296
11010
1906
15
11243
3457
920
8807
6178
8238
9501
1722
3468
8927
4699
2954
11074
10076
6178
8238
15
8309
7921
9501
1722
3468
8927
4699
2954
11074
10076
440
2923
5775
8222
2836
5015
440
2923
6584
6048
8087
1847
4817
3507
8427
7199
9720
3827
6221
6336
5775
8222
6267
6221
6267
2346
84
5352
9721
3475
6281
5517
3475
5517
7583
5916
3233
261
11120
6566
4257
1112
315
8955
6666
7436
18
8305
5878
9242
5878
7985
7224
10410
2686
1346
1883
4930
7298
10869
5106
8977
7436
18
8305
5878
7985
7224
10410
2686
1346
1883
7298
10869
5106
8977
8523
10124
6666
7436
18
8305
5878
7436
8523
10124
6666
7436
18
8305
5878
7985
7411
3616
7137
3013
10700
5517
10700
3013
9242
7411
7985
7224
10410
2491
1358
8328
3420
4862
8307
565
11242
2491
1358
8328
3420
4862
8307
565
3514
9041
9422
2083
9721
10331
4256
7405
5526
6700
3986
9559
1779
10063
8310
10092
6215
3064
299
4380
51
8178
2628
7944
4486
7991
5718
5977
8178
6623
10059
9379
6623
2628
7944
4486
10967
1493
550
10748
3082
10967
6265
3328
2045
1590
10696
5609
10064
3653
1780
1034
5014
2284
8380
3467
1488
7260
6299
2875
11271
8604
1137
7977
4780
1601
131
4780
7977
11300
8604
383
1081
7515
10735
712
3619
8478
712
6860
4243
7744
6602
7744
10233
6908
10337
9858
10337
6860
6602
3131
5128
11078
5128
11142
5498
11142
4697
9177
1068
10857
377
722
1081
383
11271
6299
1510
9752
2819
7260
2819
5842
9752
1510
11300
2875
11300
7659
5843
3757
1590
2045
1493
1780
1034
5014
6242
2284
10796
2572
767
9432
9106
9432
1850
1397
851
7147
9757
8060
561
1674
1690
851
7147
9757
8060
561
10925
7897
8522
9135
3155
5760
8486
3248
1189
2276
6015
5989
4688
389
6752
974
3057
1116
401
2922
5773
5896
4280
8822
1674
1690
851
7147
9757
1690
1850
1397
1654
767
1397
1654
4046
10759
471
10790
4910
1525
11
9017
7359
6893
8481
9677
4842
9137
8062
2165
382
9925
8827
367
10483
2884
16
2884
8827
367
10483
10354
7978
4230
10987
4200
7766
4200
4037
92
2531
1795
354
1772
7031
7565
1047
11176
1279
7959
3700
5201
5401
11046
8608
10380
4938
5638
4938
4071
5638
8833
10380
9996
9770
11080
9388
788
7177
6001
2506
4238
6988
5575
4612
9996
9770
11080
9388
788
7645
1515
7056
9306
2944
11130
6115
9244
2867
9244
4029
5950
1757
2636
11233
4489
3841
4489
1246
9325
1246
10931
3726
10931
2636
11233
682
9373
7592
1511
682
9373
7592
4718
2531
1795
11233
682
9373
11240
9909
11264
4718
4644
10314
8993
6085
471
10790
6801
9163
6801
3168
10922
8062
2165
3157
2165
382
4130
367
10483
10354
7978
4230
226
919
8263
3602
8891
10545
6077
3911
2147
7031
2944
11130
6115
9244
8209
1757
9343
3726
9343
7385
8209
1757
9343
7385
2867
2995
8248
8687
10412
7615
2885
4993
5614
6269
7084
9506
2885
11343
2673
7758
9334
9123
149
3043
8258
10469
11255
7510
11235
10663
7338
6692
8521
9567
1593
6226
9471
9612
2573
2047
2426
814
894
4769
2921
3276
6814
10424
10873
9212
7609
2664
9989
3940
1709
8312
1527
9036
9441
7900
5083
10588
2718
3160
4411
9952
7447
9666
6275
9666
7447
4411
3160
2718
2009
4374
9618
4264
10197
9184
11222
4362
2725
7379
8533
1703
8946
10403
10777
5876
6693
7557
6693
4260
1487
4541
6174
1923
6174
4541
9805
7984
9516
8946
8627
6535
684
6535
8627
7397
64
824
6825
7791
7397
64
824
6825
7791
4540
1703
8533
4749
11133
2210
7139
4056
1043
7415
4374
9618
4264
541
6729
4374
2009
6729
541
5083
5091
9340
9184
3242
9120
2169
5306
11222
4362
2725
7379
11133
2210
7139
4056
1043
5041
4054
5348
5277
9935
3508
80
7415
9618
10653
1043
5041
4054
5348
5277
3444
2643
9935
3508
80
4054
5348
5277
3444
4555
7182
9975
10301
8766
9857
1217
2541
6037
2524
9207
10831
9888
7250
8749
5485
9758
1319
7667
2595
7962
10831
9888
5485
9758
1445
3300
6132
9279
6644
64
824
6825
5858
10884
6950
5682
2210
7139
10196
9394
3027
824
6825
5858
10884
3027
824
6825
5858
5682
2210
7139
10196
9394
6950
5682
2210
7139
10196
5248
7250
8749
5485
9758
1445
5952
4861
2070
4782
5012
4782
4423
4861
2070
3665
7004
6656
1803
7420
5089
52
5299
2828
5002
2828
5201
5401
5002
3511
1985
1118
5239
3511
1985
3804
3263
1118
5239
35
3925
4127
35
3925
7560
3613
7560
4127
2541
6037
7437
8766
9857
1217
4803
8091
505
1958
4967
3949
1178
8602
7277
2006
260
3641
3345
868
4787
11301
410
2676
1742
9236
8794
7014
6653
11081
10423
9695
3721
3054
10093
10453
7188
1506
5713
1859
11301
410
2676
1742
5532
8356
1506
5713
1859
11301
410
2676
9786
5532
8356
4429
6737
4333
2131
8467
10408
8500
8467
10408
7346
3673
1338
5222
10764
3905
8356
4429
6737
2131
4333
3673
1338
5222
11260
4632
11224
5204
1338
5222
11260
11052
5529
10902
10764
3905
8356
4429
286
4333
3673
1338
5222
11260
4632
9301
4632
11224
10101
5868
6694
9503
6140
10101
5868
6694
5264
2564
10202
1578
6613
6308
1828
1578
6613
5652
2456
2462
2851
5495
5881
7584
2462
2851
9567
1593
6226
9471
9612
1832
9929
9997
4645
5637
5495
5881
6651
10013
4577
934
3928
5614
6269
11255
7510
5605
4422
10245
4422
10660
3433
10660
8466
9377
8839
7615
5601
174
8248
8687
637
1515
7056
9306
7565
7534
10252
6077
4259
5795
1086
2202
1175
7700
4423
4822
6932
603
9181
1676
9672
9181
1676
9672
5626
6561
8569
8266
2708
3564
483
9672
5626
1283
603
9181
1676
9672
5626
6561
1900
6968
8569
483
11294
2987
4260
1487
4541
9805
7984
9516
4696
290
9805
7984
290
7984
9516
4696
2941
7173
4468
5634
10698
4852
7809
2941
7173
4468
11168
3822
10608
10157
3822
2169
5306
11222
4362
5143
10197
10543
5091
9340
9184
5306
11222
5143
10197
10543
9340
1527
9036
8312
1709
3242
9120
3918
10901
2664
9989
3940
9120
2169
5306
11222
5143
10653
1043
5041
4054
5348
5277
3444
4555
7182
7409
9975
10301
180
9271
8091
505
1958
4967
3949
1178
8602
7277
2949
2192
4698
2949
2192
4698
8551
7277
2949
2192
2921
3276
6814
10424
10873
9212
7609
9044
6814
10424
10873
9044
4336
5342
8551
943
5162
4382
9011
2166
10301
2166
1915
10956
2643
9935
3508
80
4054
5348
9253
9222
4558
4056
1043
5041
4558
4056
1043
5041
4054
5348
9253
7789
8396
6188
10467
10781
1167
3444
4555
7182
10956
7182
7409
2524
9207
10781
6188
10467
10831
10467
10781
1167
7789
8396
5248
7250
8749
3300
6132
5952
4861
2070
3665
1319
7667
2595
1770
6656
1803
7420
5089
52
5299
5148
3879
8857
2671
2828
2671
5148
3879
573
8218
9916
9424
10252
10131
5795
11035
1086
2202
10518
6885
9401
10787
9978
10318
8263
3602
8891
10545
6077
4259
8801
9401
5508
7067
3215
350
6968
8569
483
11294
2987
5238
1698
3017
5756
10102
2927
4315
4879
10586
10066
2912
9452
4942
6755
10839
320
10323
7809
2941
7173
10724
10698
4852
7809
10724
10698
6090
11292
170
184
7947
5898
2925
4978
10200
9366
1079
0
4942
6755
10839
320
10969
1105
7947
4978
10200
9366
1382
4799
10839
4799
10969
10200
9366
1079
0
2912
9452
1870
9353
1698
3017
5756
9050
8019
1925
6278
2708
6278
10400
429
1044
70
8311
3991
650
6330
11184
6848
2400
10352
7050
1638
1679
9678
11221
10147
702
3158
3794
4392
9469
292
5402
679
4804
9606
702
3158
10147
702
3158
3794
3360
10854
2376
3360
10854
2376
11250
9678
11221
9313
1096
8530
8904
1648
1692
3558
1765
1096
8530
7050
1638
6542
9492
3734
4951
3411
8322
4588
9196
9390
1390
2129
7624
1751
8241
10324
2170
9196
9390
1390
2129
2222
8472
1016
7067
3215
768
1932
9631
7219
353
8472
1016
768
1932
9631
7219
353
8472
1016
7067
3215
350
6968
9281
429
1044
3991
650
4588
9196
9390
1390
2129
7624
1751
10930
2758
9473
9925
10661
9978
10281
8801
8891
10545
6077
10252
10131
6131
11302
573
8218
8857
8218
9916
9424
5661
7534
10252
10131
6131
9916
9424
5661
8450
1279
7959
3700
3706
873
8027
788
7645
1515
7056
6682
8027
788
7645
1515
7056
6682
7645
1515
6231
11130
6115
9244
8209
4029
5978
7272
1772
7272
7249
354
1772
7370
7990
2147
7031
2944
11130
6115
9244
8209
4029
5978
5950
6298
7249
354
176
92
2531
1511
682
3841
8768
7366
6635
1788
7366
9373
11240
11141
2479
7380
9909
11264
5958
3678
1496
4712
2126
7147
2126
2007
851
7147
2270
6791
11263
3257
8913
10224
10782
4980
2479
11263
535
515
7214
3202
8645
7408
10718
8486
10718
3202
10718
7408
6587
1631
3155
5760
1631
6587
2601
8645
2601
5384
1464
1520
4271
6335
1464
1520
4271
6335
2371
8152
2270
6791
11263
3257
8913
535
515
5384
515
7214
10224
2958
2013
227
11096
8463
3582
227
3582
5947
2013
4706
6892
3248
1012
7008
1012
6892
3248
1189
4837
389
6752
10440
8371
4688
389
6752
974
3057
5773
5896
3266
11091
974
3057
5773
5896
4280
4335
9106
1674
1690
1850
1397
1654
4046
4910
1525
11042
11
9017
8481
9677
2443
11042
2443
9163
3168
10922
433
10354
7978
4230
226
919
9148
11029
176
92
4644
10314
8993
7611
10987
4200
4037
92
4644
10314
7766
7611
6085
4230
226
919
9148
7053
4061
3602
8891
10545
1551
8272
8370
2248
8370
7519
5588
4662
7053
4061
4160
1551
8272
8370
7519
5588
7370
7990
2248
8272
8370
7519
4160
1551
8272
8370
7519
5588
4662
11029
176
4037
92
4644
5958
3678
633
10759
471
4910
5095
2572
767
1654
1866
4712
4583
6876
1496
6876
4583
7380
11141
2479
6855
2126
2007
1654
1866
633
6085
10922
433
4130
367
10483
10354
7978
4230
226
16
10318
9978
10281
10787
9401
6885
10518
1086
11035
1741
1912
9620
7004
6656
1803
1770
6656
1803
7420
5995
820
3804
3263
6772
6037
7437
9857
1217
4803
8091
505
9603
4803
8091
505
1958
4967
5412
5638
3220
3993
996
8608
996
8833
996
3993
3220
1958
4967
3949
1178
8602
4382
180
1178
8602
7277
2006
260
3641
3345
868
646
8794
7014
6653
11081
10423
9695
3721
4740
2042
659
559
5319
7718
10954
4607
863
1098
5319
7718
3560
10604
10817
3560
10604
10817
10954
1098
5319
7718
3560
82
6263
9121
1185
421
762
9121
5204
5763
6263
9121
5204
5763
7346
10903
7119
4440
3183
10903
7119
4440
110
6653
11081
10423
9695
2042
659
559
5319
7718
3560
82
2286
10604
2325
964
5577
4393
930
4041
9318
9081
4821
2019
6512
7929
7703
1161
797
6034
4488
3895
3818
5123
2724
666
570
3895
3818
5123
2724
5731
2457
5731
46
5171
9115
10778
7529
10897
9460
3652
9460
7255
10778
7529
8281
75
6546
460
3732
8007
1533
9648
9126
8197
3915
4041
9318
9081
4821
6512
7929
7703
1161
797
6034
4488
1161
797
6034
4488
3895
3818
5123
570
3895
3818
3516
256
7543
11068
5584
10974
816
8192
5175
8426
3793
9325
5931
9577
2367
6974
3246
6549
9009
609
748
1055
1395
8217
9009
748
1055
1395
8192
7755
5175
8426
3793
9325
1316
5463
1316
3726
8869
2204
9123
149
3043
8258
10469
7084
9506
10726
3756
11343
2673
7758
9334
2995
8869
2995
9334
174
8248
8687
637
7177
10412
2506
4238
9377
8839
4993
8560
9350
5614
9350
6449
557
9377
557
8560
557
6449
9479
8466
6988
6596
3433
4071
3433
10625
10245
5605
4422
10660
9479
5605
4422
10660
10625
10660
6596
4612
9996
9770
11080
9388
6001
5575
11080
10773
9770
11080
9388
6001
2506
8839
7615
5601
2673
7758
3756
10726
8814
9123
149
3043
8258
10469
7084
10646
8258
10469
7084
10646
530
10726
8814
9123
149
3043
8258
10469
7084
10646
3043
8258
10469
7084
10646
530
8814
9123
149
7755
5175
8426
3793
812
2808
6549
9009
609
5092
340
4450
5728
5092
340
3676
7647
8418
6592
2191
8901
10023
5449
6592
5449
2191
5449
10023
6780
8901
6780
3078
9442
3568
55
2696
9332
10953
5276
8646
4084
4360
10860
5419
8279
4360
9263
7650
11155
2685
9456
1419
2484
9569
4731
9942
4635
127
1668
9738
8884
10593
6633
5867
6633
1696
9730
8978
10590
8154
3399
9205
5903
6769
2036
10780
7398
10257
11252
1449
3446
4196
2397
4431
528
3510
5020
11288
5798
3280
2915
5373
7660
11318
5065
182
10786
273
5215
6994
8168
4004
11105
1822
5281
1738
6911
1449
3446
4196
7660
6062
9446
6167
5320
182
10054
6582
9617
10272
2003
4773
9164
1166
5493
1166
11266
303
8338
7007
271
4163
6244
1440
5493
7007
9303
7832
6167
5320
857
4647
1128
10272
2003
4773
303
8338
7832
2233
1548
4647
1128
10272
9617
6582
8846
1051
4004
8444
2798
2381
6640
6204
4474
9551
8115
3465
4877
6632
6452
4145
6620
6125
3611
518
2602
2877
2563
1668
9738
5867
1696
9730
8978
10590
9205
2320
6769
2036
10780
7398
6769
2036
6980
2387
11121
2320
6769
2036
6980
2387
11121
8978
627
5235
9837
4020
1822
5281
3149
11105
3149
5281
9
9661
1378
12061
4516
7281
2751
2239
7075
8109
9480
9224
2890
4501
6414
7041
7090
4249
5782
43
1907
6640
6204
4020
1822
5281
9
9661
1378
5235
9837
1378
5235
9287
10694
1156
4518
8115
3465
3451
7018
8102
9451
10127
1786
4581
10057
7400
11281
8157
5701
10871
2991
8393
3271
5468
2929
4354
2929
5541
6895
8157
5701
10871
2991
8393
3271
5468
5541
6895
4909
4069
7400
11281
8157
5701
10871
2991
8393
3271
5468
5541
6895
4909
4069
11281
5701
10871
2991
8393
10775
7745
10250
3271
5468
5541
6895
4909
4069
4594
9855
1786
4581
10057
2144
6063
8782
7273
6452
4145
6063
8782
3451
1842
7490
2907
8102
9451
1786
4581
10057
2144
6063
8782
3451
1842
7018
8102
9451
1786
4581
10057
2144
6063
9451
1786
4581
10057
2144
6125
3611
7610
10871
2991
10775
8684
5036
8684
7503
2316
10250
3271
5468
5541
6895
2510
5819
9855
1786
4581
10057
2144
6125
3611
7610
5953
10241
7392
8516
3464
2419
7661
3107
11276
9584
1365
9846
3462
7332
4711
5032
3834
5984
9641
8120
7875
8705
1502
3240
5776
10270
8797
3072
7471
8957
10390
9911
5611
2741
2317
7665
6065
7143
3759
6383
2909
250
32
806
4494
3959
8878
7469
8140
6238
8526
8038
8239
9172
470
5887
886
4175
886
5183
10749
5370
1075
5592
8525
208
10749
5592
10649
8471
7465
2342
8525
208
125
1863
5887
8163
6795
8163
4175
1249
8618
9622
9200
9622
4175
5367
6915
9200
9605
8618
9622
6915
9659
6094
10641
9777
221
3066
3684
3066
1563
6795
5367
6915
9659
6094
1399
3439
7466
9019
3432
38
7466
6429
3654
2403
1071
10052
1071
5333
2193
408
1307
408
5445
9835
3439
7466
6429
2605
9450
8783
4882
8783
9450
3536
1203
5055
2605
6429
5445
9835
2926
5768
4338
5768
1307
5768
2926
7006
1399
7006
10641
7006
4338
7178
9777
7178
67
221
67
5333
2193
3654
2403
1732
2403
7469
8140
6238
1392
8239
9172
9027
4292
1499
1343
8665
3959
8878
7469
8665
4408
11331
1826
9725
2330
270
6914
10244
4408
10244
6914
11331
6914
9725
1826
802
3850
8897
5028
3850
8897
3572
7840
7240
7
3997
8769
5929
8210
6193
9553
4114
1753
8210
6193
6320
9341
3997
8210
6193
6320
9341
5946
3572
7840
7240
5946
3572
7840
1664
8373
7052
4908
8769
4908
7
3997
8210
6193
6320
10569
5406
4346
4724
5406
10569
4167
1663
7390
3976
1320
3245
1320
9007
9491
3592
5846
2177
2402
7577
3843
4292
1499
1343
8140
6238
1392
6952
882
9628
36
9474
9514
648
2349
10962
3096
5890
9474
9514
648
4036
2349
10962
3096
11344
3409
9953
9130
5361
1561
3091
6896
2401
5739
3289
2200
1289
6097
10089
6318
3334
6829
1568
4299
2401
5739
3289
2200
1568
4299
3289
2200
8242
8484
2731
3091
6896
9088
7482
1881
6042
5883
5356
8037
9732
2495
5835
813
3623
5573
9992
10135
10962
3096
11344
3409
8568
9714
2134
9714
11050
6163
1557
5883
5356
8037
9732
2495
5835
3623
5573
9992
10135
10962
3096
11344
9314
1021
7122
1734
10180
6721
4053
11163
594
11163
11093
9883
11093
10619
9883
1302
1235
9094
1235
594
10349
4761
1256
7446
5194
1880
8614
5846
2177
2402
4869
9007
8207
1843
8374
1256
7446
5194
1880
8614
3994
3592
3994
2406
8207
9007
4869
9393
9434
10685
9434
6448
9434
9393
217
4407
7829
470
2650
6986
6952
882
9628
1557
5883
5356
8037
9732
2495
5835
3623
5951
5722
7019
8996
10468
2024
5436
8350
6947
10285
7465
2342
4514
4693
4943
4693
10285
8701
4996
8297
10649
8471
8701
4996
8297
6098
7681
7372
1075
6098
8297
4701
7681
7372
3211
8618
9605
8619
2190
7681
2190
10932
4642
6162
3485
2951
3715
6305
406
3472
8225
10999
7597
3284
8916
381
9533
4613
1558
7802
6865
5794
10476
4956
3926
8054
2133
10164
4927
4525
10220
2230
1268
1873
572
4948
7434
6704
5489
10372
6030
5666
9497
2963
8129
8643
1549
10476
4956
3926
8054
2133
10164
525
7434
6704
5489
10372
6030
5666
9497
6030
5666
9497
2963
8129
8643
4956
8867
7308
9071
7308
2027
8537
5557
8658
8221
1899
6797
478
9844
4478
2338
9127
5547
3403
4304
2489
10783
488
11325
3292
4791
8165
7440
1222
2489
10783
488
11325
3292
7023
5464
4815
1930
7912
1969
7589
10695
9360
8165
7440
6856
11030
6856
10783
488
11325
3292
7023
5464
4815
1930
7912
1969
8
2554
9199
3747
2905
6415
3378
9573
8966
3203
2945
3485
2951
9532
6162
9532
4642
4914
45
1711
10511
8842
5464
4815
5285
5710
5285
664
5851
664
6757
3378
9573
10511
8842
8012
5997
8718
5997
5503
4742
5653
3324
478
3324
631
4478
2338
9127
5547
3403
4304
2489
10783
488
8012
8383
8333
2162
4642
4914
45
8745
9200
8745
4914
45
8333
2162
3964
3715
6305
6945
406
3472
8039
6807
5934
7597
5934
8225
10051
3472
8039
6025
3425
6962
11034
6807
6695
381
9533
6164
3504
7245
3100
8489
3504
7245
5794
10476
4956
8867
7308
2027
8537
5557
8658
8221
1899
9528
10255
1460
9528
8919
11043
9690
3040
9321
11296
11051
2338
11051
269
10249
1536
9127
5547
3403
4304
8718
5503
4400
888
4742
5653
5582
6797
478
7352
4686
8919
11043
9690
10220
2230
5862
11150
10615
548
11339
4986
11181
6562
3830
1143
794
2675
6641
10500
6768
10677
10053
1989
11125
1225
2591
2149
8888
10249
1536
9127
5547
6548
9485
5413
4356
11247
2688
1895
323
8339
4752
4659
1446
2554
785
3747
1840
4197
2905
6415
5851
5710
4197
1840
1489
1930
7912
1969
8
9660
7912
1969
8
9660
1489
1930
7912
1969
11203
4752
4659
1446
1534
6839
5905
4659
1446
1534
6839
5905
274
3340
9382
10585
5847
10693
3031
10693
7070
4637
3646
2337
3646
4984
9217
289
11061
11136
9217
289
11061
11136
576
6722
1794
6059
10589
3502
10589
5105
5510
10449
8100
8146
2629
3620
6043
8490
2793
611
7003
4567
1953
10387
6749
2118
10065
8706
2793
8706
9237
10842
4832
8287
9741
1352
10708
11183
8301
5150
2423
3042
2470
8868
6292
5100
492
10889
3185
7127
8545
9771
482
5275
9968
311
5275
9968
311
6521
9055
6537
3185
7127
8545
9771
11206
2470
8868
7127
9078
6521
9055
11145
2250
3876
7792
2174
778
10152
7902
5514
10644
3314
1062
8661
10210
5734
8976
7792
5480
10964
5480
2250
4081
2250
6270
5392
3802
8268
922
6270
5392
3802
8268
4228
3062
8144
8786
6438
6032
9596
2354
5928
6438
6032
9596
2354
6936
7738
5928
6438
6032
5514
9596
5514
10644
3314
1062
8661
10210
5734
8976
143
162
922
6270
2586
5392
3802
8268
4228
9309
697
8765
8483
7450
5427
4636
3785
3180
1622
1897
10807
5168
5624
6497
3477
5166
9571
940
10849
7059
1530
3477
6309
5166
9571
4997
106
3802
8268
4228
3062
10210
5734
7974
2174
1062
8661
7974
2174
9215
10152
10870
2678
9927
10430
1472
7172
10421
2251
3963
4504
3526
3662
10143
2061
10828
3963
4504
3526
3662
10143
2061
9570
11032
9570
6857
514
1372
10152
10870
10421
7172
1472
5665
514
1372
9927
10430
2678
10430
1472
5665
2251
3963
4504
3526
3662
9718
11307
3023
11032
5802
5480
5802
778
6857
10828
3963
4504
3526
3662
9718
10706
345
10706
5641
9542
4487
4412
278
3396
10438
1609
1797
1609
9542
4487
4412
6786
7595
294
7595
6218
1964
8703
3551
10592
5880
11249
3085
6786
5880
1964
8703
3551
9903
4044
10592
5880
1964
5754
6716
345
8743
6716
8743
3979
5452
3836
9564
4152
3979
5452
3836
9564
9797
1726
3312
4140
1301
1202
8764
1202
7080
5471
7496
1165
4152
3979
5452
3836
4040
1216
3316
3921
9762
2069
10217
2069
8860
3316
3921
10139
10815
3867
9627
4897
6027
7527
4554
7527
11066
2918
1505
572
4948
7434
6704
2918
1505
5736
3921
9762
11209
1268
1873
5736
3921
9762
2069
8860
3563
8975
6963
1726
9797
5130
4427
5130
1165
7496
8743
7496
5471
4261
6788
1298
8219
4261
6788
6431
10091
1298
8219
4261
6788
6431
11307
3023
11032
737
4814
798
7061
4692
5100
492
194
10889
3185
7127
9078
8545
9771
11206
1352
10708
11183
7881
3938
1705
6420
830
3277
5487
10842
5487
8709
3740
8709
830
3277
721
9237
8706
6614
7153
2442
8014
9389
7158
9238
3620
6043
3829
9238
3829
9389
7158
985
8837
10924
4629
7064
1379
1485
1379
3502
4629
10391
5105
5510
1693
2629
10924
4629
10391
1693
2629
10924
4629
7064
8837
985
11014
7683
1485
6203
5894
6727
9136
1
10500
6440
4119
2847
3079
509
3079
269
2847
9976
9594
246
9594
1629
4119
6440
1629
246
6641
10500
6768
10677
11125
1225
2591
2149
2688
11247
5413
9485
1536
9127
5547
3403
5653
5582
8836
9003
1634
4120
7308
2027
8537
5557
8658
9003
245
9595
4290
9595
1424
10299
5395
4290
3715
4290
5395
6945
406
3472
8039
6025
3425
6962
11034
6695
381
4613
1558
7802
8275
7802
6865
5794
10476
4956
8867
7308
2027
1634
4120
10299
4120
3425
8867
3926
8054
9071
8537
5557
8658
9003
245
3964
245
888
4400
8333
8383
1711
10511
8842
7023
5464
6757
3378
9573
8966
3203
10932
3310
8619
7372
3211
5370
1249
5183
125
1863
5887
3684
10736
9908
1863
5887
3684
10736
925
10052
11251
6101
10117
5110
2994
1806
8422
1535
3523
7194
1066
6394
10478
8963
3862
3821
901
1241
3523
7194
8963
1241
8422
7114
2644
1502
9483
7968
3782
1673
8713
7909
4810
10514
5611
2432
10900
3801
3392
5708
833
5177
9946
9155
9151
10395
1046
4952
5893
4085
5738
7890
5220
7256
59
10011
5220
7256
8436
11234
5886
1645
6388
309
10100
10215
5117
11236
6785
309
10100
6388
309
10100
10215
1430
232
9259
9840
7479
10993
9259
9840
7479
10993
3110
4017
232
4017
5117
4017
3110
11236
6785
3146
9585
11049
5892
10378
11293
2597
1163
4229
1163
9129
1163
2597
10146
6471
10979
5214
3283
1747
3630
1259
5551
3580
11139
8107
11275
9140
9498
3968
9140
9498
7754
11156
7656
2201
1948
3728
7286
7928
3384
2957
374
10098
3590
1478
7942
10098
7942
4825
5621
4825
374
2642
780
9859
8443
3590
1478
1922
7216
11275
9140
6403
9498
3968
7754
6403
5621
7286
6010
3656
7928
3384
2957
374
2642
6470
8539
3354
635
10509
6470
8539
3354
635
660
9335
1903
9877
6680
10689
6923
11127
7675
5067
4373
9428
5937
321
2245
3593
1130
10559
9234
4414
7161
10879
8331
9629
2697
2413
8259
9326
5054
4010
8142
957
10041
6609
150
957
667
2122
3460
301
10203
4330
4690
4743
5706
9917
301
10203
3288
78
9706
4055
6504
4499
503
2033
8818
1830
7048
6612
5447
3236
2714
2100
4641
7077
2100
4641
3236
2714
750
5838
3138
339
750
4470
2313
3562
5628
605
9915
4794
6494
2769
1200
6272
6726
4757
4470
605
6726
4391
10401
9278
9410
9809
884
9809
4391
3888
7179
3606
2730
3888
7179
4076
9688
11007
7710
10106
3888
6272
9915
4794
1200
6272
9915
7438
3084
8340
3562
5628
3084
7438
6567
3530
3010
5326
5651
4812
10309
4998
10486
7711
10486
4998
7908
8562
6523
903
8859
8295
5639
9749
8295
5639
2455
10173
11162
2241
4436
11007
8524
5535
8694
1566
11174
4985
11135
10772
10106
10401
9278
5656
5185
10772
5535
10874
1566
11174
11179
1768
7461
11232
8581
3739
6783
7508
7943
6783
7508
7943
7676
620
6341
2216
9525
6150
10610
6209
7196
11246
435
8072
8575
10521
9004
8575
10521
9004
1451
6890
7468
3427
2173
1508
4663
11000
2666
7770
10060
4102
2871
3450
8907
100
2744
2631
5335
8819
11308
1761
5393
9970
10205
654
3387
2411
10346
5399
3634
3626
8538
5462
6717
1345
11308
1761
5393
9147
7746
2499
5304
1226
3192
8641
674
2978
1053
10914
9209
3309
8256
805
8711
253
9213
4027
10795
403
8875
7692
5680
3030
1164
7673
8990
6781
7500
2319
1761
5393
9147
4522
9970
10205
6717
1345
11308
1761
5393
9147
4522
7746
2499
9727
3990
7212
2985
654
6759
68
2515
10024
1207
5107
7268
2826
2062
4584
9548
6747
7331
337
8922
10290
356
735
7396
3231
5918
5435
10940
4183
3034
3857
10014
1057
10014
10756
5094
6661
4065
8403
7494
2906
4779
3547
673
5156
53
116
4919
9391
621
9879
7760
1660
8403
7494
2906
1701
7100
9500
1956
5966
7088
643
10851
9943
6588
10674
8099
3537
954
4875
879
8188
7839
9919
2449
11195
3421
7331
337
8922
4008
4875
879
8188
7839
8550
7480
10574
7480
6735
9759
4579
991
10929
4332
5382
8883
4060
4548
4060
1621
1480
2154
7168
9919
2449
11195
3421
6747
7331
337
8922
10290
356
735
4950
9266
10704
629
5415
4950
735
8510
7396
3231
5918
5435
10940
4183
3034
3857
5094
6661
4065
8403
7494
1701
7100
9500
1956
5966
7088
643
12
3840
4378
9500
1956
5966
7088
1597
5229
956
1058
8909
4867
7258
8080
7232
5681
11185
5
1097
8264
5681
7232
5925
7232
10425
7258
4867
4835
10425
7258
2839
5521
5658
6589
9408
10525
10436
5284
708
1508
4663
11000
2666
7770
10060
4102
2871
3450
8907
100
2744
2631
444
6505
1959
7834
10271
6589
9408
10525
10436
2120
8391
3268
5284
708
1508
4663
11000
2666
7770
10060
4102
2871
3450
8907
100
2744
2631
444
3408
10959
6505
1959
7036
6495
4121
8670
5218
707
5282
7155
1736
3298
5293
8841
11185
5681
2502
1876
5925
6990
1876
5925
6990
8080
5658
6589
9408
10525
10436
2120
9292
4506
4728
5792
7627
10919
8391
3268
5284
708
9679
1556
4674
7834
10271
6589
9408
10525
10436
2120
9292
4506
4728
3838
5792
7627
10919
8391
3268
5284
708
9679
1556
4674
7834
10271
3359
10193
3359
5521
5658
6589
9408
10525
10436
2120
9292
4728
3838
7627
10597
10919
8391
3268
5284
708
1508
4663
11000
2666
9316
1532
4823
7606
7146
10413
2659
3649
19
5298
10332
4244
6156
1331
11138
8663
6655
3901
8832
10811
5236
7221
8390
9814
5302
3213
7604
5302
9299
6082
10804
7941
9322
3437
3814
10565
4917
10001
3437
3814
282
1375
546
2450
8945
2865
229
10291
2779
2340
1914
4729
1914
2619
4298
4596
10294
200
9600
4596
10294
3219
5444
3416
3622
9193
2340
5874
4729
3035
2619
4298
4596
8854
11003
7518
4019
7518
6129
1042
5011
2837
1140
7347
1294
7060
10055
2655
2408
2260
6878
700
6002
2211
7726
9900
700
5678
6002
2211
4519
10335
8813
6509
7309
4519
10335
693
10875
2066
1336
10144
10017
7733
10951
3166
8448
4418
10017
7733
5461
7559
8229
3962
8229
3661
7559
5461
10951
3166
1059
8249
1059
7721
3479
8212
11262
8212
4920
11262
4589
43
5782
8747
1907
6640
6204
4474
4322
7490
7945
10809
7251
6039
8506
4441
2907
3247
7759
8399
8401
5819
10127
1786
4581
10057
2144
6125
3611
7610
5953
10241
7392
8516
3464
2419
7661
3107
11276
9584
1365
9846
3462
7332
4711
5032
3834
8653
1186
4786
7230
1354
4402
2632
4735
2002
7831
5730
4673
10219
7000
8834
3244
1835
8053
5877
8638
2002
7831
5730
4673
10219
7000
9765
2220
8431
8759
8731
602
8431
8759
8731
4736
6210
808
2658
7016
4082
5347
10658
8292
6475
6418
6146
4100
10977
101
7202
5759
72
2528
2523
9798
7428
6000
9240
6116
5911
5501
9131
3008
8343
4272
6271
8068
4895
7025
7818
4224
6905
5981
9367
1650
6459
3819
949
6492
2742
6593
4602
10638
8327
4070
1541
447
8544
6377
5102
1646
926
8051
10373
3950
5839
9429
1056
7275
6877
8535
9005
1198
7324
6877
756
1792
6020
2359
1555
42
434
10216
6571
5221
6249
691
9043
10848
3743
499
9142
5062
3932
2168
7626
3495
5023
4871
7107
9061
826
5023
4871
11057
2168
7626
3495
5023
4871
11057
2916
5062
3932
2168
7626
3495
7413
2705
7034
6381
7704
6852
8101
9449
6057
8206
2796
5939
4649
9179
6057
8206
3992
5365
8780
2700
10946
10447
5470
434
5774
657
1045
87
6237
5470
1555
42
434
5774
657
1045
87
6237
5774
1910
355
2060
5647
7748
657
1045
3992
5365
8780
9035
2209
876
8780
9035
2209
6843
8050
3859
6239
9522
876
8890
8298
7797
5939
4649
9179
2796
5939
9110
5556
7329
3080
8887
8186
7481
9578
4988
6899
2049
1658
2483
8900
2483
9522
876
8890
5365
8780
5310
6020
10946
10447
5470
1555
42
434
5774
1910
355
2060
5647
1475
691
9043
10848
7979
8326
5219
193
10348
9367
1650
6459
5440
2486
4204
1841
7076
2640
7818
4224
6905
10237
279
1841
5832
9020
7641
7112
8630
9861
4808
10105
6486
2039
7389
7872
3186
4678
8216
8591
1614
1084
9385
8015
8793
7603
10443
5604
3972
416
2684
2728
10866
1184
9815
1728
2888
11100
5057
2392
6617
2392
2728
10866
1184
9815
1728
2888
11100
7204
6250
8541
8064
7293
4676
1131
7293
1131
2110
7302
11210
9673
6277
10657
6486
6804
6563
5963
8633
2434
7105
10583
6563
5963
3578
1261
4922
6563
6804
10105
2318
4808
2318
3490
9861
4808
11005
8630
11005
10105
2318
5689
7389
7872
3186
4678
881
2039
7389
8591
1614
8793
5034
4396
7025
7818
4224
6905
10237
279
1841
5832
6416
7076
2640
3087
7112
6416
3087
5971
7499
5034
4396
7025
7818
4224
4895
7025
5971
9861
3490
5478
7292
7499
5034
4396
11097
7102
5973
580
89
69
2525
3372
3897
8475
6271
3255
193
10348
9367
1650
6459
5440
10237
279
2486
4204
8097
3819
8097
6933
10266
6933
9791
949
6492
2742
6593
4602
8693
6421
1878
8476
7631
2183
434
5774
1910
7747
1475
691
9043
10848
2789
9982
6525
8130
4026
1717
6355
6852
8101
9449
6057
8206
3992
5365
8780
5310
10336
7727
10447
5470
1555
42
434
5774
1910
7747
5221
6249
8659
9043
10848
2789
9788
9982
6525
8130
4026
9162
4854
8101
9449
6057
8206
3992
8298
7797
407
7329
3080
8887
8186
7481
9578
4988
3080
8887
8186
7481
9578
4988
6899
2049
1658
1447
8733
7186
3318
10056
4461
6899
2049
1658
1447
8451
3507
8427
7199
9720
2488
6566
4257
1112
672
10005
6508
10005
1342
7133
6508
1571
4096
9973
1571
4096
7698
4096
9973
9170
8052
7852
1541
10758
2534
4070
3778
7852
1541
10758
2887
7324
6877
756
9035
7275
6877
1646
8051
10373
3950
9429
10373
3129
3026
8051
3026
5211
10898
8969
672
5103
10365
1694
10898
1694
6377
5102
8544
6377
1694
926
5211
2719
5167
1142
83
103
3950
4892
4935
1888
7199
6048
8087
1847
4817
3507
8427
3807
5374
1037
3162
738
6663
5087
7621
4955
8050
3859
2178
2483
1447
10622
3859
2178
1447
10622
10431
3162
4955
8050
3859
6239
9522
4397
348
8900
827
3668
8382
5694
7797
407
3668
8382
5694
7797
407
9110
10769
2612
3398
2813
7252
6324
3680
1783
3680
6036
9425
9851
7191
7948
6055
6998
4673
10219
10138
8543
3244
1835
8053
5877
7831
5730
4673
10219
10138
3353
8088
4863
4072
4321
7282
9717
2498
11261
858
8775
7282
9717
2498
11261
858
8775
10072
4072
4321
3565
638
7322
3647
8806
9851
7191
7948
1122
7317
9368
4899
8071
1122
7317
9368
4899
3892
4551
8071
1122
7317
9368
1977
4402
2632
4735
2002
7831
5730
4673
10219
10138
3353
8088
1108
5459
8543
1