8
3742
4516
7281
2751
2239
3878
2364
3216
7851
3775
5837
5431
4288
3330
102
8336
7120
6410
5249
5550
6105
8856
6483
8002
1605
6252
10975
9818
6252
10975
2692
5132
2277
7532
3018
5550
4497
3419
3171
1102
10492
1102
10382
4364
11015
1468
2289
8446
4792
3094
6410
8246
2512
5249
3018
5550
6105
9486
6391
9381
6391
9592
10540
9592
4497
3419
3171
7138
3397
5465
3130
10198
10140
11194
10510
511
7166
7636
1304
6400
9789
8504
1304
6400
9789
8313
2680
3725
10872
9171
9331
9171
2253
690
10330
4617
2101
8552
1177
10330
4617
2101
9157
2306
26
9295
10489
4816
4365
6541
4021
2416
4926
7289
9202
2577
238
1072
10668
5967
8194
9650
511
7166
7636
1304
6400
9789
8313
2680
3725
10872
2962
11239
3430
472
7753
11336
870
2306
26
3455
11336
870
2306
26
3455
1111
11253
701
11171
10228
472
7753
1111
1125
2477
2333
1194
2477
10686
9298
5967
8194
9650
511
7166
7636
1304
6400
9789
8313
2680
3725
4247
1476
5511
3151
7899
3028
4947
9993
1491
7799
2220
8431
8759
4736
6210
808
2658
5347
10658
8292
6475
6418
344
9247
10658
8292
6475
6418
6146
4100
10977
101
7202
5759
72
2528
3448
7323
4894
10877
9058
2924
8697
4543
9977
2924
988
5683
8697
416
2684
1482
6617
1482
10077
8216
8591
1614
8793
5034
4396
7025
7818
4224
4895
7025
5971
7499
5034
4396
2525
3372
3897
8475
6271
3255
193
10348
9367
1650
3561
4033
2775
5576
8231
111
11077
1423
197
590
2742
6593
4602
5932
1198
7324
9005
9743
6159
8936
9743
6159
6421
8936
2183
434
5774
1910
7747
5221
6249
691
9788
7748
657
1874
9162
4854
8101
9449
10762
1783
9089
7509
3483
3398
2813
6324
3680
6036
9425
638
7322
3647
8806
9851
7191
2760
10670
10236
6998
4673
1835
8053
5877
8638
2002
7831
5730
2151
4551
8071
1122
7317
9368
1977
4402
2632
4735
1228
8638
2002
7831
5730
2151
1208
3982
3892
4551
8071
1122
7317
9368
1977
4402
1186
4786
7230
1354
7672
153
7054
3749
7054
4661
7855
310
3055
10009
9502
5866
3055
10009
9502
1931
2167
10691
9288
5283
8367
2855
7724
1041
8492
1041
4097
2855
10691
2855
8367
4434
4097
4434
8686
3644
2388
3716
7971
3716
10836
4947
9993
1491
1952
11182
3636
1491
1952
11182
9665
1586
2557
41
5283
8686
9211
2459
3644
2459
5255
2557
9211
2557
5255
9167
7799
9167
1586
1952
11182
3636
10330
4617
3430
472
7753
1111
1125
8505
540
5145
4021
2416
4926
2729
8203
10753
5315
9028
4781
8360
8762
9166
8294
9750
5817
4345
7963
9530
11108
2059
5506
555
9361
11305
9959
5943
2323
11291
6712
5322
7012
6524
6076
5349
4983
542
3937
6333
10710
7012
2917
6376
6830
6953
3326
2917
7012
6524
6076
5349
4983
542
2735
10409
6956
8415
4646
8033
8873
8415
4646
6978
10936
7185
4502
8680
7269
7868
11237
1077
1811
6099
5088
2661
6681
11237
6681
9803
819
6386
4502
8680
7269
6748
7868
3783
1193
2238
11258
2030
3347
5784
4077
2087
8323
2087
3703
6185
7956
5737
4639
11340
2919
10846
6597
8721
11340
2919
11323
5735
65
5735
1950
7688
10074
2051
1172
4656
9267
2902
2919
10846
5346
10462
3790
4726
7757
8917
3797
744
10692
2454
10626
2521
2310
9297
9513
6142
2310
9297
8851
5469
9726
734
7474
6089
963
3970
819
3970
5039
1810
825
11004
3136
11004
2038
5039
2038
963
6089
7474
9794
2788
9794
6370
4317
6370
4643
3413
8851
10538
7073
11031
3049
8160
2647
9557
4430
6733
4098
1335
2048
9898
9557
37
7860
1061
1919
9701
11031
821
8949
2521
2310
9297
8851
5469
9609
3980
5688
3500
2181
6006
5441
2031
5443
1260
5443
2468
2818
9304
2818
1260
1442
1260
2031
1442
5443
2468
1528
3960
9219
4138
1678
4209
2578
5497
6478
5161
10441
4903
5830
1528
3960
9219
4138
9523
1678
4209
2578
5497
6478
5161
10441
4495
6259
9722
7319
3037
2422
10457
177
7326
10163
3260
5481
8459
2733
7664
4483
10970
8424
7069
7263
7449
10156
4308
6925
3632
4432
2067
1997
5848
3101
11322
314
11322
10189
314
3101
11322
10189
6458
2821
8148
11322
10189
6458
2821
6841
3358
3195
792
10334
10178
696
9139
9310
2594
3969
1712
5318
9039
6439
10833
2542
7267
4218
9683
2163
4218
9683
5301
7600
4608
9323
1712
5318
9039
11196
4246
1073
10863
1592
9948
1944
4866
7263
7449
10156
4308
6925
10980
4308
6925
10980
10120
10156
4308
6925
10980
10120
8683
10733
7449
10733
10375
1613
4135
1238
1817
5278
2669
9173
6368
11229
11223
6853
10688
2607
8424
2607
4483
10970
2242
9520
8359
6286
2776
5325
2356
3045
9258
6102
10876
2701
10201
9905
6744
2568
2792
9575
1290
1494
2988
5815
11196
4246
1073
867
10458
4295
10458
11196
4246
1073
867
2792
4295
5815
11196
4246
4376
10178
696
9139
4376
1073
10863
867
2792
9575
2055
1326
6762
6744
2568
1592
9948
3808
9905
6744
2568
1592
9948
1944
5812
6286
2776
5325
4703
3543
462
11118
11172
4466
2282
8381
7055
1100
9808
152
3083
2366
1093
2739
2034
8251
5531
7135
4090
6171
6375
11118
11172
1702
4090
6171
6375
1702
4090
6171
8359
6286
2776
5325
4703
3543
462
464
8381
1100
152
3083
10892
7869
675
3417
7055
10892
7706
1093
7706
7869
3417
2282
8381
1100
152
4414
7161
10879
8331
3189
5706
9917
4330
1159
8394
775
4690
4743
10812
2259
7161
10879
8331
3189
8497
3460
8094
8905
7777
6881
5855
1337
10531
1114
4954
7307
5522
5146
7625
8763
859
3681
7777
6881
6743
4979
5522
859
3681
7777
6881
5855
1337
6577
3221
4708
8180
3978
10185
5328
104
1684
11047
4158
6551
9895
1311
626
199
3440
10684
4932
8010
4932
1306
11131
4507
10103
4507
4865
11295
11087
1134
8601
7393
380
3099
5793
6946
7027
4760
2353
6946
2353
8902
222
8902
199
3440
6081
8077
5964
10103
10684
2017
4720
7312
6826
7548
8284
630
7367
5948
994
2299
9921
4620
9579
3552
7312
6826
7548
8284
1114
4954
630
7367
5948
6392
5948
994
3989
134
1458
10580
5686
10039
5158
8816
4274
7307
10613
4274
7307
10613
134
1458
10580
1498
6329
6579
6960
1600
10861
10675
6897
1458
9582
6329
6579
6496
3482
210
3482
6151
1498
6329
6579
1804
8493
8512
441
3400
1804
3400
6477
7825
6477
5385
324
9746
8644
10914
9209
9246
2699
9746
6572
8559
7268
2826
2062
4584
2372
4193
6572
8559
7268
2826
2062
6206
6796
7898
9453
8171
9453
3533
1975
5107
7268
2826
2062
6206
6796
2826
2062
6206
4584
2372
4193
2373
4448
9276
7539
8325
7009
5910
2372
4193
2373
5385
324
7825
2699
489
8063
1560
5372
5052
7170
7140
5850
2984
496
8405
4003
7103
6061
3386
11022
6779
971
11022
6432
4282
1296
11131
1306
6779
11022
6432
1296
11131
4507
4865
4282
7253
7208
7506
1350
8601
7393
380
3099
5793
10111
1134
8601
7393
380
3099
7393
380
3099
5793
10111
7027
4760
4681
7805
5964
10103
10684
2017
9895
1311
11006
626
199
3440
6081
8077
5964
10103
10684
2017
9895
1311
11006
9423
1684
11047
4158
6551
5571
5328
4158
6551
5571
4349
10185
9734
104
1684
11047
4158
6551
5571
4349
776
3978
10185
9734
1649
5895
4383
3029
1513
10568
2321
6527
2398
667
7575
2321
1152
4383
3221
9079
4708
8180
3978
237
776
3978
10185
9734
4702
8202
6609
5357
5533
11110
11039
11110
10181
5101
453
10717
6761
5336
5152
6291
8632
9352
10825
6739
2795
1576
7901
5672
3886
4495
6259
9722
1516
4658
8529
2977
10512
7319
3037
2422
10457
177
9520
5531
7135
2034
8251
9186
10457
9186
3037
2422
10457
177
9520
5531
7135
4466
2282
464
8381
1100
152
4414
5043
284
2366
1093
8529
4658
2846
9624
6291
8632
773
6828
10388
1576
7901
5672
3886
4903
6478
5161
3260
9907
1154
9228
10630
7633
4485
1432
188
1313
307
11223
6853
10688
1815
4135
1238
1817
6867
11333
7848
5848
3101
11322
10189
6458
2821
6841
3358
3195
792
1809
8412
7337
9616
2780
4754
5600
7042
1961
7217
1168
10933
9566
4239
10983
5590
368
8416
4233
8155
10128
5112
3061
9585
4476
4623
3117
2092
2335
1039
6822
9972
6775
765
7767
6437
4618
4302
799
9052
1909
10261
6930
11274
7015
10067
5135
10705
8866
6326
172
6326
11310
1462
5135
10705
1869
1206
8092
2104
8092
8866
6326
11310
1462
2687
8785
443
3225
8318
2073
2651
6647
9445
7047
2497
6169
9445
4578
11137
5770
3225
8318
2073
2651
6647
5677
3469
7691
4945
8227
1909
9052
799
2012
4805
257
11274
7015
10067
5135
10705
1869
8158
6389
3772
11140
582
9940
3388
1188
790
6389
3772
6155
11140
582
3336
4
9581
6155
11140
582
9940
3388
1573
4248
3908
10838
8829
7364
2706
4933
6437
4618
4302
6972
2012
11337
4496
8829
7364
10617
6972
2012
11337
10617
6972
2012
11337
4496
4248
3908
10838
2706
4933
10552
417
10552
10794
9063
3908
9063
7489
1573
7489
9168
10428
10794
10428
9168
3258
5081
7198
6834
9940
3388
1188
790
7015
10067
5135
10705
1869
8158
10067
5135
10705
1869
1206
6450
5017
6119
1205
9704
10420
7996
1205
9704
11109
1602
7244
9654
4913
2966
4913
4386
11219
4784
3639
1060
3639
9965
8639
2102
5748
1998
7949
8725
6136
9077
5902
3073
8029
3073
6012
3893
426
1368
1329
7458
7878
8029
3415
9804
9152
3415
9804
5856
5271
5856
1076
5271
9152
7878
7458
1329
1368
8692
10960
10048
2252
1947
7810
3424
3025
214
8564
11135
8564
5114
8564
2990
11179
1768
655
1768
7461
5882
655
2990
11179
1768
7461
5882
4178
7555
4966
7555
7461
5882
7020
9374
6071
7810
3424
3025
7433
1035
8986
11149
1807
9410
10274
5968
4269
17
9640
2583
9402
451
6517
11154
5833
10159
6017
7001
5296
7656
2201
3728
7286
7928
3384
2957
8539
3354
660
9335
1903
9293
6676
9335
1903
1745
9033
10429
4451
2291
7699
10429
1452
6144
9902
8818
1830
7048
6612
5447
7484
3050
8528
782
5861
8208
4132
9735
11278
8243
2176
795
6504
4499
2176
795
8903
2873
1353
5029
2555
8094
9536
169
3681
7777
6881
5855
5047
3029
1513
10568
7575
2398
667
9813
2697
9629
3664
5043
10455
1572
8529
2977
10512
7750
2249
2739
2034
675
3417
7055
1100
9808
9234
11173
775
11173
10559
9234
4414
7161
10879
8331
9629
3664
8259
10455
1572
2846
9326
5336
5152
6291
448
9630
3270
6092
1036
3422
4353
9630
3270
6092
9468
6092
1036
3422
6739
2795
5672
3886
4495
6259
727
2422
10163
4614
10441
4903
5830
1528
3960
9219
10631
4352
9270
3995
10710
7012
6524
6076
5349
3153
5506
555
6076
5349
4983
3937
6333
135
3500
2181
6006
5061
5676
10538
5482
9014
8487
3319
5645
1486
9138
2545
10856
6264
10785
1414
4987
6514
4047
3640
6808
11116
5645
1486
9138
2545
10856
5288
1275
10181
418
5533
11110
5181
5257
9145
8514
5524
10450
4398
2544
990
11039
3575
5357
5533
11110
5181
5257
9145
8514
5524
10450
4398
7233
7113
4746
3163
626
199
4681
7805
11295
11087
1134
8601
7393
380
10232
2437
4191
9268
1350
9268
1934
7208
7506
11087
1134
8601
7393
380
10232
2437
7253
1934
7253
7208
7506
11087
1134
8601
7393
380
10232
6989
2159
5312
2584
6845
9462
11304
5073
1972
805
8711
253
9213
4027
10795
3735
4538
7692
5680
3030
1164
7673
11148
5680
3030
1164
7673
8990
1808
1291
5799
10044
9108
10328
6313
4566
3341
9108
3341
9457
3473
1808
1291
5799
10044
2172
587
6315
5007
6409
6903
731
1942
7229
8075
7695
6211
10328
6313
7923
2331
10767
817
8995
1773
7695
6211
10328
6313
7923
2331
10767
1962
817
8995
6967
8075
7695
6211
10328
6313
7923
2331
10767
5520
4202
2099
4616
3702
7266
8447
8738
869
9700
6522
4616
3702
7266
8447
8738
869
9554
5147
8269
2461
2886
7552
9534
8742
8269
2461
2886
5344
167
4075
2196
5805
3854
2981
6436
3854
2703
3642
1559
7542
2981
6436
3764
9175
8269
5692
1853
5530
7707
3382
7612
3889
4173
3376
4148
2891
9232
10774
7646
8735
11317
4083
9658
6462
73
7117
8917
3797
10213
7117
8917
3797
4604
3797
744
10167
10513
211
2618
866
1661
9470
3489
6715
7763
5828
3156
11326
9066
5797
5771
1559
7542
2981
6436
3764
11083
2099
4616
3702
9700
6522
1962
817
8995
6967
1410
6820
3923
3450
8907
100
2744
2631
444
6505
1959
7834
10271
6589
9408
10525
10436
2120
8391
3268
5284
708
1508
4663
11000
2666
7770
10060
4102
2871
3450
8907
100
2744
2631
444
3408
10959
6505
1959
7036
6495
4121
8670
5218
707
5282
7155
1736
3298
5293
8841
11185
5681
2502
1876
5925
6990
1876
5925
6990
8080
5658
6589
9408
10525
10436
2120
9292
4506
4728
5792
7627
10919
8391
3268
5284
708
9679
1556
4674
7834
10271
6589
9408
10525
10436
2120
9292
4506
4728
3838
5792
7627
10919
8391
3268
5284
708
9679
1556
4674
7834
10271
3359
10193
3359
5521
5658
6589
9408
10525
10436
2120
9292
4728
3838
7627
10597
10919
8391
3268
5284
708
1508
4663
11000
2666
9316
1532
4823
7606
7146
10413
2659
3649
19
5298
10332
4244
6156
1331
11138
8663
6655
3901
8832
10811
5236
7221
8390
9814
5302
3213
7604
5302
9299
6082
10804
7941
9322
3437
3814
10565
4917
10001
3437
3814
282
1375
546
2450
8945
2865
229
10291
2779
2340
1914
4729
1914
2619
4298
4596
10294
200
9600
4596
10294
3219
5444
3416
3622
9193
2340
5874
4729
3035
2619
4298
4596
8854
11003
7518
4019
7518
6129
1042
5011
2837
1140
7347
1294
7060
10055
2655
2408
2260
6878
700
6002
2211
7726
9900
700
5678
6002
2211
4519
10335
8813
6509
7309
4519
10335
693
10875
2066
1336
10144
10017
7733
5461
7559
8229
3962
8229
3661
7559
5461
10951
3166
1059
7721
438
6943
11124
2639
1418
3729
9269
3729
3404
8610
10308
7880
6487
10308
7880
4974
2798
2381
6640
10809
7251
6039
8506
4441
2907
3247
7759
3601
11272
4112
5090
2035
8941
4112
8941
5090
2035
3247
811
7090
811
4441
2907
3247
811
8677
7759
3601
11272
10127
1786
4581
4594
2510
6670
2324
4368
5460
147
5460
7790
4354
4105
6670
2324
4368
4105
6670
2324
2890
11103
3227
2239
7075
8109
9480
9224
601
7572
11103
3227
2239
7075
8109
601
7572
7075
8109
60
8469
3488
10915
11330
1153
3216
7851
3775
5837
5431
4288
1181
7907
4766
7960
1322
3775
5837
5431
4288
1181
7907
3947
6760
4766
7960
1322
3775
5837
5431
3947
6760
4766
7960
1322
11107
10720
1814
6665
8667
7851
3775
1153
3216
6152
7776
10141
9806
6583
10701
458
10576
916
8593
7930
6531
9521
6049
2195
3459
668
94
7955
3548
3586
8213
5025
4739
7351
916
8593
4633
7782
4571
1814
6665
2723
6665
11316
7782
319
8362
10141
9806
6583
10701
458
8617
989
2895
1545
11072
4675
6072
8042
2856
8224
9484
3671
766
6311
9002
1917
9493
872
5186
2261
5654
2616
2261
2194
510
8302
3051
4610
5786
5732
6607
8438
10292
8586
6918
2616
2261
2194
510
4610
5786
5732
6607
6176
523
11073
4285
10292
8586
6918
2616
2261
2194
510
4610
5786
5732
6607
6176
523
11073
8438
10292
8586
6918
2616
2261
2194
510
4610
5786
5732
10279
3205
10279
5587
6176
523
11020
7951
4253
1024
5920
2140
1024
5920
2140
7666
3635
11056
7545
6884
2326
4965
2668
8149
7452
3922
2546
1838
7301
398
3922
2546
1349
7545
3447
2859
3603
2859
6884
2326
8300
2326
10488
2326
2668
8149
300
4965
300
3922
2546
1349
7545
3447
1257
3603
1257
11257
7814
6738
1374
5016
8300
4281
6871
1490
325
1864
10256
3685
6871
1490
325
10905
5544
9873
1755
4206
3463
10504
3913
7363
864
1180
8558
8714
1929
1431
3685
6871
1490
10488
10905
5544
9873
1755
4206
3731
2363
7419
3731
2363
11230
9322
4684
5210
7021
8823
1250
3213
1483
6863
2576
9558
8679
5418
1715
3710
953
1871
5885
1871
3505
1386
11290
1085
6009
8848
9396
8848
6723
4851
6009
2804
9396
2516
8959
6734
10169
10751
4134
7142
7713
10997
686
10537
2827
5673
240
5421
10713
2119
941
240
513
8452
5258
9670
5421
2119
941
240
513
8452
8005
6646
10520
6510
7612
3889
3842
10774
1659
4099
1901
9783
6190
4744
2115
2872
11001
5528
140
8457
11226
6464
4276
7472
1659
4099
1901
9783
6190
1270
3285
618
9783
6190
4744
7472
1659
9518
1466
3382
599
10520
6510
599
8003
4609
9960
10623
10132
7371
395
8440
8003
4609
9960
10623
10132
7371
395
8440
4609
9960
3088
3942
5313
10623
10132
7371
5258
9670
5421
2119
941
240
513
8452
8005
6646
10520
6510
7612
3889
3842
10774
1659
4099
1901
9783
6190
1270
2053
7442
2549
4849
7083
9669
1559
7542
2864
1010
7653
5362
8908
640
11202
5520
4202
2099
11083
8908
5030
1069
7227
4660
88
2159
3735
4538
7692
5680
3030
1164
7673
8990
6781
7500
2319
1761
5393
9970
3990
7212
2985
68
2515
10024
1207
5107
7268
2826
2062
4584
9548
11195
3421
7331
337
8922
10290
356
735
7396
3231
5420
6408
1719
8510
7396
3231
5420
3941
5918
5435
4194
11008
8304
7100
9500
1956
5966
7088
643
10851
9943
5179
6405
9653
5871
7857
9475
5871
7857
1058
8909
2839
5521
5658
6589
9408
10525
4121
8670
144
8906
3774
9012
3438
5744
4389
10018
3334
6097
7915
8143
1988
10284
9610
7601
4770
2731
3091
6896
9088
7482
1881
8810
10097
9314
5890
11227
1021
7122
1734
10180
10579
2177
7669
9780
10579
6721
4053
10349
4761
5586
8374
5586
3245
9094
1663
4167
9553
4114
7390
3976
6448
1753
118
10685
118
5929
7829
9027
4292
1499
7817
9849
2569
6383
10776
8274
8436
11234
5886
1645
583
1430
583
1645
3146
4546
3146
8348
1976
5339
7495
4166
2519
6468
4523
595
7914
7047
2497
4945
2497
6169
3469
6930
4192
6647
5677
3469
7691
1909
4848
4024
10385
8227
10385
1176
160
4024
8728
10385
8728
1176
8728
160
7914
4848
7914
4346
4724
10536
5314
9563
6316
5650
9931
10536
9931
6316
5650
11067
5028
6261
432
5466
5224
4327
5512
4494
3959
8668
9867
7817
9849
5561
5274
10418
9881
875
10913
9030
9881
875
913
5207
8879
9657
4479
280
2223
4433
8353
5913
280
4479
4442
3365
7890
2897
4009
1531
1512
10477
9840
7479
10993
9259
9840
7479
10993
3110
4017
232
9259
9840
7479
10128
5112
2622
291
3061
9585
11049
5892
10378
11293
2597
1163
9129
1163
2597
10146
6471
10979
5214
3283
1747
3630
1259
5551
3580
11139
8107
11275
9140
9498
3968
9140
9498
7754
11156
7656
2201
1948
3728
7286
7928
3384
2957
374
10098
3590
1478
7942
10098
7942
4825
5621
4825
374
2642
780
9859
8443
3590
1478
1922
7216
11275
9140
6403
9498
3968
7754
6403
5621
7286
6010
3656
7928
3384
2957
374
2642
6470
8539
3354
635
10509
6470
8539
3354
635
660
9335
1903
9877
6680
10689
6923
11127
7675
5067
4373
9428
5937
321
2245
3593
1130
10559
9234
4414
7161
10879
8331
9629
2697
2413
8259
9326
5054
4010
8142
957
10041
6609
150
957
667
2122
3460
301
10203
4330
4690
4743
5706
9917
301
10203
3288
78
9706
4055
6504
4499
503
2033
8818
1830
7048
6612
5447
3236
2714
2100
4641
7077
2100
4641
3236
2714
750
5838
3138
339
750
4470
2313
3562
5628
605
9915
4794
6494
2769
1200
6272
6726
4757
4470
605
6726
4391
10401
9278
9410
9809
884
9809
4391
3888
7179
3606
2730
3888
7179
4076
9688
11007
7710
10106
3888
6272
9915
4794
1200
6272
9915
7438
3084
8340
3562
5628
3084
7438
6567
3530
3010
5326
5651
4812
10309
4998
10486
7711
10486
4998
7908
8562
6523
903
8859
8295
5639
9749
8295
5639
2455
10173
11162
2241
4436
11007
8524
5535
8694
1566
11174
4985
11135
10772
10106
10401
9278
5656
5185
10772
5535
10874
1566
11174
11179
1768
7461
11232
8581
3739
6783
7508
7943
6783
7508
7943
7676
620
6341
2216
9525
6150
10610
5324
2737
3159
7354
9831
2329
6209
7196
11246
435
8072
8575
10521
9004
8575
10521
9004
1451
6890
7468
3427
2173
1508
4663
11000
2666
7770
10060
4102
2871
3450
8907
100
2744
2631
5335
8819
11308
1761
5393
9970
10205
654
3387
2411
10346
5399
3634
3626
8538
5462
6717
1345
11308
1761
5393
9147
7746
2499
5304
1226
3192
8641
674
2978
1053
10914
9209
3309
8256
805
8711
253
9213
4027
10795
403
8875
7692
5680
3030
1164
7673
8990
6781
7500
2319
1761
5393
9147
4522
9970
10205
6717
1345
11308
1761
5393
9147
4522
7746
2499
9727
3990
7212
2985
654
6759
68
2515
10024
1207
5107
7268
2826
2062
4584
9548
6747
7331
337
8922
10290
356
735
7396
3231
5918
5435
10940
4183
3034
3857
10014
1057
10014
10756
5094
6661
4065
8403
7494
2906
4779
3547
673
5156
53
116
4919
9391
621
9879
7760
1660
8403
7494
2906
1701
7100
9500
1956
5966
7088
643
10851
9943
6588
10674
8099
3537
954
4875
879
8188
7839
9919
2449
11195
3421
7331
337
8922
4008
4875
879
8188
7839
8550
7480
10574
7480
6735
9759
4579
991
10929
4332
5382
8883
4060
4548
4060
1621
1480
2154
7168
9919
2449
11195
3421
6747
7331
337
8922
10290
356
735
4950
9266
10704
629
5415
4950
735
8510
7396
3231
5918
5435
10940
4183
3034
3857
5094
6661
4065
8403
7494
1701
7100
9500
1956
5966
7088
643
12
3840
4378
9500
1956
5966
7088
1597
5229
956
1058
8909
4867
7258
8080
7232
5681
11185
5
1097
8264
5681
7232
5925
7232
10425
7258
4867
4835
10425
7258
2839
5521
5658
6589
9408
10525
10436
5284
3694
4516
9806
6583
10701
458
8617
989
2895
6585
5788
2952
8617
989
2895
1545
11072
4675
6158
2420
6157
7425
7184
9589
3581
8108
6981
8461
5446
10025
10571
2683
551
9161
495
6714
495
1503
4311
7849
2825
1670
5674
1374
11257
5016
8300
4281
6871
1490
325
1864
8558
1180
4878
6058
10315
4150
2450
9455
2429
7176
8945
2865
229
9193
8805
200
9600
8805
9193
2340
5874
10664
2896
6058
10315
4150
2580
1375
282
6547
546
2450
9455
2429
10867
7176
8945
10594
2865
4150
4732
96
2779
2340
5874
10664
10356
8558
8714
1929
1431
7261
9602
9649
687
7804
1431
7261
10031
2936
9602
9649
2221
3306
2936
10031
10356
4878
6058
10315
4150
2580
980
9664
6282
4917
6282
10565
4917
10001
10728
7916
7419
3731
2148
3731
3814
8032
2820
7941
4684
5210
7021
8823
1250
392
5329
5200
8789
7824
9633
1220
8089
8337
5400
8022
10034
2609
8649
7441
9437
1220
8649
7441
9437
847
5200
8789
392
5329
5200
847
6345
6824
6345
361
10148
6120
139
369
5190
5806
2606
6241
969
9682
2345
9255
2835
9682
2345
9255
2835
5806
2606
1619
6467
10035
2766
4944
909
81
5169
8881
6202
2698
915
449
1400
7516
1420
334
10287
1450
5924
10248
6202
2698
5169
8881
6954
7236
8685
5269
81
5169
8881
8685
5269
6112
2175
10177
9490
10177
10905
5544
6038
8365
6141
480
2148
6616
7824
9633
8337
5400
8022
8089
8337
5400
1049
1831
1049
8198
7144
8365
6141
480
1831
8650
6616
8650
9633
1220
8649
7441
7304
6134
10034
2609
7304
10148
6120
10123
369
5190
2743
1509
10123
1509
2107
1619
2743
1509
2880
6467
10035
2766
733
8030
909
8030
915
449
2430
4795
10682
5852
2215
2082
7896
1179
4975
8844
7386
7334
2046
7926
2046
7334
973
7926
4795
10682
5852
2215
2082
5829
5804
2046
6312
2046
5804
8844
7386
7563
2015
10295
8433
10035
11192
5241
2430
10322
2015
10295
11192
10295
8433
531
2861
3505
1386
1266
2953
4689
11290
6302
4372
908
8583
4283
9354
593
8959
6734
6723
4851
6009
2804
2803
2942
9419
4515
2516
8959
6734
6723
4851
3114
3381
4851
6835
6690
3114
3381
10169
10751
853
4134
853
3381
10169
3232
4582
3509
6724
3509
9936
5667
5270
9496
6358
745
5308
4446
10537
10442
3697
10442
10537
2827
5673
11189
6232
2263
6636
4556
7537
10389
1716
9496
6358
7537
10389
11129
10389
1716
9496
5270
10801
4823
7606
6543
5988
4384
5695
1723
11220
1585
9454
865
8465
5099
865
5099
6266
10413
2659
3718
2943
4707
7846
2943
4707
3476
6922
8026
3710
953
4000
1921
2503
740
911
3874
6276
8605
456
6499
1038
10602
7099
8605
456
6499
1038
10602
7099
9682
2576
9558
4283
9354
6724
9936
5667
215
7903
3597
10814
5664
7743
4128
4169
7715
3597
7715
8173
2871
3450
3923
3364
3217
1410
3217
6967
1410
6820
3923
3450
8907
100
8121
1026
6180
1293
1616
4236
8511
7770
10060
4102
1689
10814
1689
9316
1532
5944
4006
8612
10214
6289
10549
10801
4823
7606
6543
1723
11220
1585
9454
3466
1585
9454
3466
4582
3232
9891
658
593
8959
6734
6723
4851
6009
2804
2803
2942
7786
6302
1715
1386
1266
3914
3253
3914
7410
2271
192
10707
8347
1796
3253
192
10707
8347
4797
2526
11228
4549
9461
8980
1796
3253
192
10707
8347
4797
10760
644
5900
4549
9461
8980
1796
3253
192
10707
8347
4797
10760
644
5900
9461
8980
1796
3253
192
10707
8347
4797
10760
644
11228
4549
9461
8980
1796
3253
192
10707
8347
4797
10760
2526
11228
4549
9461
8980
9995
3253
192
10707
2940
1662
3996
1398
8260
1398
2940
10276
8211
1662
3996
9076
6300
1123
3615
2043
4911
7728
10516
3722
8930
831
7587
2566
10699
2830
4459
9674
3522
3356
5979
1224
1992
7957
3615
2043
371
9371
8495
10516
8495
4911
7728
10516
3722
11040
1182
11207
929
9076
6300
1123
10
2550
3331
585
9656
10
2550
10495
409
5767
2011
9774
4714
8260
4714
9774
2011
5767
409
6300
7728
1182
11207
929
928
6519
1662
6519
2747
928
6519
2747
11207
929
9076
6300
1123
10
2550
3331
585
9656
10864
7957
3615
2043
371
1224
1992
6422
2385
3356
11065
4469
970
3522
3356
11065
3825
1514
4469
970
4459
9674
2199
7377
10153
11317
6464
2115
2872
11226
6464
11317
4083
5998
10153
5486
8261
8746
7843
8261
8746
7843
5559
9845
9045
2380
3376
4148
2891
10246
2380
3376
2071
2386
8937
3376
11346
8937
3376
11346
2386
8937
4745
9045
9845
7377
5917
5473
8437
4168
1652
4475
8104
8985
4168
8437
5917
5473
6901
2375
2255
411
10083
4348
6901
2375
1463
6363
1376
8637
5569
3002
9674
2199
1754
2385
3356
11065
3825
8518
7535
9026
9371
5979
6422
2385
3356
11065
3825
8518
7535
9026
8928
5655
4774
5808
2830
5808
1514
5808
4774
8518
4774
5655
8928
7587
2566
10699
2704
7511
5725
3002
7511
2831
6558
5033
10639
610
65
10727
10435
5251
8770
10816
10934
132
8046
6959
9149
2967
231
2579
10534
77
2108
8190
360
6361
5240
1665
4733
4463
7663
11245
3587
1237
7241
10282
4188
10934
132
8464
11324
8185
5189
6959
9149
2967
231
2108
8190
360
6361
9756
1183
9608
360
6361
9756
1183
9608
2028
7270
77
2108
8190
5317
2869
8185
5189
852
2869
5317
11324
8185
5189
852
9149
2967
3371
1204
4180
6798
1433
10079
415
3805
8226
8882
5252
704
5507
3391
10343
9634
3349
10343
3313
11020
7951
4253
1024
5920
2140
7666
3635
11056
2901
3249
5037
9347
5899
9824
5001
1816
5250
2562
44
3122
5159
7545
3447
4560
2155
4560
8342
11102
3542
165
7666
3635
5993
11102
3542
165
191
2155
3579
191
2155
7814
6738
11188
5674
1374
5016
8300
4281
1670
2825
6649
2825
10943
4750
10893
2180
3035
4377
9329
905
4377
9987
5873
1610
5729
10293
7247
10118
1042
3618
6045
7347
9243
3806
1294
7060
5796
3093
6806
2408
2260
1219
3538
6532
5807
4306
1612
4129
6482
3282
6630
10326
5527
5623
8756
5926
10972
4679
5610
6502
4318
8098
3820
5926
10972
5610
6502
4318
8098
3820
4700
2225
10407
554
1612
4129
6482
4994
9900
700
6002
2211
4519
10335
693
1743
3145
519
5513
1364
9182
1364
4734
7571
5857
8378
6924
4174
7800
7029
10142
501
8386
2971
5857
8378
6924
1767
4683
2812
4683
8249
2812
1767
3540
7571
3540
11037
3661
11037
3329
519
3329
11037
3962
3145
9409
9029
1743
3145
9409
9029
10432
9409
9029
10432
7063
10843
693
10875
7726
9900
700
6002
2211
4519
10335
693
10875
2066
370
3962
3145
5513
1364
7095
8386
4464
2314
1389
4305
7642
3952
2314
1389
6283
6279
2920
5198
2920
9182
1991
7063
10843
6382
5280
86
11231
8078
7032
6407
95
9122
7431
3900
10761
9856
688
10087
3137
2894
3137
3012
10087
11160
4783
7952
9182
7952
1691
7429
8642
8125
955
9856
688
10087
11160
7429
1323
7429
1691
2850
10539
2224
2396
56
7283
7295
56
5741
56
393
8117
3984
10632
6073
1713
4002
7339
1517
5345
1517
730
6121
3708
5345
6121
2327
681
5726
681
4016
6074
5726
3708
4273
5345
7339
10125
5345
730
2327
681
4016
6074
2262
5720
1440
8948
10650
6610
4606
2184
10297
1151
9555
4809
142
1892
9086
2756
3767
3813
11186
828
8695
7460
4992
2790
2590
7124
466
5525
736
8049
3290
8918
6086
4964
2756
4964
10479
8358
3044
10479
8358
6390
6887
10533
1151
9555
4809
142
1892
9086
5013
3813
11186
10616
563
3198
5013
8151
6222
789
5430
1232
2064
8781
2064
4605
4759
7773
11311
563
3198
5013
8151
6222
789
3973
11082
1145
3196
6643
1274
7630
2185
2980
9795
7445
3104
1904
6130
2720
8933
6660
6958
1497
7445
3104
1904
6130
2720
8933
384
6088
3001
11269
9712
7585
9918
3302
8477
10635
3810
2234
4653
7640
10965
11315
6199
11315
2234
11315
6823
4303
3097
3730
6823
4303
11178
5475
10965
11315
6823
4303
1282
3097
728
3730
6199
3287
6451
442
1766
3494
1790
8991
1790
9362
1523
4277
6849
7783
6552
1884
4547
10321
10136
1262
4035
4953
10991
8485
3207
6062
9446
3983
6628
5552
2143
9109
8845
3755
1278
6958
1497
9795
7445
3104
1904
6130
2720
8933
384
4963
10397
9549
10397
6088
5982
6088
3001
11269
1877
4904
4559
8477
6921
8477
8994
121
883
10635
3810
5448
8474
10937
442
7306
8517
2911
5751
2311
4572
1025
1453
3067
271
4163
6244
1440
8948
10650
2745
255
2184
10297
1151
9555
4809
142
1892
3497
6161
9529
1025
4572
8942
6643
1274
7630
2185
11269
1877
7585
9918
3302
5448
8474
10937
7017
7674
2197
4331
6794
10145
2892
9712
7585
9918
3302
5448
8474
6451
442
8517
7017
7674
4820
2911
5751
1453
5751
2197
4331
2311
1274
7630
10145
2892
9712
7585
9918
3302
5448
3810
4653
7640
2123
7640
1429
404
10115
560
2641
1196
2156
6093
11147
7622
5075
5188
6349
4915
7242
10747
2025
4694
2641
11259
3539
1196
2156
6093
11147
5711
4198
1553
1954
11013
7995
11013
1091
3369
5350
3005
5717
8395
9541
8395
6741
6212
10557
8293
8717
6564
3005
5717
7523
7995
5717
7523
6323
848
6323
1861
7278
3478
2500
3478
3898
175
7622
4038
1639
10049
6816
7779
3887
4091
5246
10190
9787
4181
10818
848
10739
5246
10818
848
10739
2500
1281
4973
2973
6816
7779
3887
4091
5246
10190
9787
4181
8395
6741
10557
8293
8717
10415
9433
9439
8293
8717
10415
3357
689
9433
9439
8293
8717
10415
3357
2853
9597
9070
689
9433
9439
10267
754
7933
3235
5363
754
7933
8293
8717
10415
3357
2853
9597
3005
6564
2853
9597
4161
9103
10642
9208
10045
207
10740
2361
9103
4203
6435
10544
5454
6976
4203
6435
6931
10267
2272
6216
9693
2716
3958
6861
1380
4570
2950
845
5403
2504
5403
3178
446
6124
4381
11028
1252
2950
845
5403
3178
446
4185
4682
1031
6838
10188
1789
9799
8376
247
7870
9838
10234
2325
964
5889
762
9121
1185
6217
1484
2456
5256
7716
6308
1828
4568
3614
11011
1828
4568
3614
3434
11069
4874
11069
9318
460
3732
8007
1533
7740
8671
5519
10730
4764
3453
9092
11055
4798
10370
10832
8334
6664
7116
7785
7116
8043
146
6664
7116
8043
146
6008
4798
10370
3453
9092
6160
3604
3275
5483
2351
5560
3348
7554
5519
3362
7989
5983
7740
8671
5519
3362
8334
6664
7116
8043
3165
8043
146
6008
10832
8334
4741
7989
5983
7740
8671
5519
10730
4764
3453
9092
11055
5669
6347
891
2653
4078
549
1812
3165
1812
6347
891
2653
8290
4078
549
7870
7785
4741
7989
5983
39
9126
8197
6935
5566
4929
5577
4393
5566
4929
5577
4393
6035
6465
3915
4802
1710
9648
9126
8197
3915
4802
1710
1533
7740
8671
5519
10730
4764
3453
9092
11055
5669
6347
891
8675
6365
2805
7491
1236
10591
1236
6674
10799
6817
2288
9235
4268
239
2358
5327
2716
3958
6861
10624
4343
2322
8277
2358
5327
2716
3958
2232
3047
4654
8921
295
10223
2186
10223
838
4654
8921
3047
2232
11299
4570
6443
4888
10716
11212
5144
4342
5849
8754
10722
6007
1269
8470
2290
10184
8377
10183
9112
4537
10206
21
3383
6130
2720
384
4963
113
4162
843
8772
113
4162
843
8772
1642
4286
3383
6937
769
4149
11248
8750
198
2339
2824
5021
8582
8013
9387
982
1155
7892
8582
7892
3800
2360
10719
9755
2740
252
3800
2862
10040
10119
9008
1394
6325
10459
4319
4705
606
9008
1626
10548
5004
7350
4925
4830
5627
6228
8720
11289
7969
10714
235
5334
9615
3241
9075
3809
2482
5334
9615
3241
9075
3809
945
2822
2482
5334
9615
3241
9075
3809
945
2822
10714
9264
9860
4521
8532
6751
3170
9860
9264
10820
5245
8532
6751
3170
2295
8720
11289
7969
235
5334
9615
3241
9198
5636
6228
3174
22
10978
4498
5598
9049
1729
3193
5627
6228
3174
10978
4498
5598
9049
1729
3193
2481
4830
9615
3241
5583
4624
6711
4387
10416
4387
7384
6205
11076
6413
4569
7002
3395
11076
6413
4569
1121
1529
8972
2532
6143
5371
10493
2014
386
3674
5949
5371
8387
10883
8236
6474
9049
1729
9829
710
10542
5636
6228
3174
10978
4498
5598
6474
9049
3332
3150
9829
710
4624
6711
3150
3332
1030
10416
1030
9174
8236
7341
8321
5172
8321
1157
3021
779
7751
10712
11180
30
4860
1657
8626
4234
6758
2297
7525
10891
5525
736
8049
3742
828
8695
7460
10616
563
3198
5013
8151
6222
7276
1725
3973
1725
9768
2081
11082
1145
3196
6643
1274
7630
747
6703
2005
8781
2005
3985
747
6703
10989
2064
4605
4759
7773
11311
563
3198
5013
8151
4534
2257
6161
9529
2182
3497
4534
7276
1725
9768
2257
6161
9529
2182
9328
1851
2841
1851
2745
255
4606
2184
10297
10533
10297
1151
9555
2841
4809
142
1892
3497
4534
7276
1725
9768
2081
3196
6643
1274
7630
747
6703
7344
9821
1145
3196
6643
1274
6794
10145
2892
2185
1278
6958
2980
2005
6703
7344
1232
2064
3832
9868
592
5779
3104
6937
769
4149
11248
10289
1941
2740
8876
9684
4587
9339
5941
3576
8355
6987
2395
5693
8470
2290
10184
8377
10183
9112
4537
21
10206
3383
6937
6603
1421
9248
2339
2824
5823
6810
11311
4992
6810
7773
4685
6447
9868
6447
4605
4759
7773
4685
6605
9248
1421
5779
7387
592
5779
3104
6937
6603
9607
198
9607
769
4149
11248
10289
1941
9684
4587
4012
6987
2395
6428
4176
7038
9760
304
11225
2395
6428
3212
4237
6736
5376
1846
4227
1569
5563
6907
3056
6778
8947
7109
6784
10258
8621
7654
2509
1347
9556
9128
9922
3998
533
9655
8296
6851
224
1426
9691
8589
98
7376
6929
5144
4342
9839
9444
7476
7164
3965
1655
7994
3965
1655
3342
9839
9444
7476
7164
9333
5360
7473
4309
9436
5093
10567
1479
4309
9436
5093
5059
2529
6574
6493
3299
5059
2529
6574
6493
3299
2529
6574
6493
3299
4437
8139
1344
2748
5941
5615
1028
5620
161
6673
3745
10603
8592
373
10134
5620
1981
564
10996
945
9203
6673
10384
3745
10603
8592
373
10134
5620
1981
564
9239
6812
3809
945
9203
6673
10384
8865
899
3861
6290
4845
8406
3815
2845
500
8865
899
3861
2297
7525
10891
11205
2
2590
7124
466
3742
828
8695
2590
7124
11205
3004
7525
4234
30
4860
1657
6346
1406
10006
10519
3762
1406
10006
10519
1087
1782
3984
6625
10061
10632
10852
3126
1782
3762
1406
10006
3290
8918
960
3813
960
6086
3429
1087
6390
3126
1782
3984
6625
10061
4883
7514
9647
8792
10998
10539
10998
9647
7295
2224
10306
10957
7644
724
10957
8776
11314
5172
8434
10957
7203
5585
8678
9113
7375
8893
8642
8893
1775
7431
9249
3900
10761
6220
7032
6407
95
9122
3981
4125
8871
3699
7375
1117
1775
7431
9249
955
9856
688
8078
7032
6407
2946
2103
3674
1005
3844
11151
10022
1529
8972
2532
6143
5371
8387
10883
8236
7341
1157
3021
779
7751
10712
11180
30
4860
1000
7228
5613
1990
5613
5741
1990
2396
56
393
1000
7228
7222
7731
8776
7731
11314
5172
9113
7375
5585
7375
1117
4125
8871
3699
5769
8321
1157
3021
779
7751
10712
11180
30
4860
1000
7228
7222
3021
779
22
779
7751
8720
11289
235
5334
9615
3241
5583
8299
4231
4458
9702
9731
9226
7725
6916
1092
2405
7882
4237
6736
6778
8947
7109
6784
10258
8621
7654
2509
1347
9556
9922
3998
533
9655
1764
10659
8296
9128
533
9655
1764
10659
6851
224
1426
9691
8589
4293
212
2490
93
5321
2344
1637
1764
1637
2344
9262
8132
10093
10453
7188
4807
6553
10643
8935
7993
9941
801
8673
2645
3855
9997
4645
1593
6226
9471
1832
2573
2047
3855
9929
6226
9471
1832
2573
2047
2426
814
1471
7993
9941
3769
8673
2645
3855
9929
6226
9471
1832
2573
2047
2426
814
1471
3641
3345
5048
2436
365
2213
4517
663
201
6378
663
4517
506
3705
6983
5450
5006
201
5006
6526
11166
3553
10643
8935
7993
9941
3769
8673
2645
3855
9929
6226
9471
1832
2573
2047
2426
814
1471
3641
3345
5048
2436
11166
3553
10643
8935
894
4769
2921
3276
2080
2533
2086
4527
3777
1366
2280
1239
607
1150
2280
1239
607
1150
10032
1968
10587
7684
8247
3474
7362
4336
5342
2006
260
3063
3769
8673
2645
3855
9929
6226
9471
1832
2573
2047
2426
814
1471
3641
3345
5048
7013
365
2213
4517
506
3705
6983
10339
6526
11166
3553
2838
968
1635
1287
9006
10522
4829
10988
8730
5618
4013
5097
11319
3516
10444
10507
11068
5584
10974
3779
6319
4806
1908
3713
6319
4806
3335
670
3335
9769
9775
1908
3713
6319
3779
5584
10974
680
8940
1829
8940
680
6750
2283
800
8808
11187
571
11187
10002
7884
9458
461
11058
5922
11277
9812
10446
670
2457
9115
10446
670
7543
11068
5584
10974
816
10952
5381
1787
5381
1926
5380
1787
5380
7338
6692
7584
2851
5495
6107
742
6479
2207
3621
7732
801
8673
2645
9997
4645
5637
6651
10013
4577
3525
4034
934
3928
11235
10663
10013
4577
934
3928
11235
10663
7338
6692
8521
9567
1593
6226
9471
1832
2573
2047
2426
814
1471
3641
3345
868
4787
5713
1859
11301
4403
3737
924
5165
10439
3705
6983
10339
5450
506
1001
6189
3946
577
4778
5294
10302
8291
7462
7867
4834
9192
5294
10302
8291
6306
1287
9006
10522
4829
4013
5097
5084
1868
5479
7716
5652
8598
1138
2136
856
9489
8724
9503
6140
10101
5868
1185
6217
1484
6182
5129
421
762
9121
1185
6217
10202
1578
7861
2136
856
9489
8724
5264
2564
7861
2136
856
9489
2292
4095
9301
3946
577
4778
5294
10302
1700
8291
6306
1635
1287
9006
10522
4829
4013
5097
5084
5256
7716
5652
8730
5618
10988
5488
10522
5488
6837
4252
8598
1138
2136
856
10734
28
6942
6837
4252
1138
2136
856
10734
8989
4095
9301
3946
577
4778
5294
10302
1700
6942
6837
4252
1138
2136
856
10734
8989
5205
4778
5294
3595
7462
7867
4834
5379
9192
5294
28
4252
1138
2136
856
10734
8989
5205
577
4778
5294
3595
7867
4834
5379
7013
365
2213
1001
5165
10439
3705
3828
646
8794
7014
6653
8280
11081
6342
3599
8736
6653
6342
3599
8736
6653
11081
10423
9695
3721
4740
2042
659
559
5319
7718
10954
4607
863
1098
5319
7718
3560
10604
10817
3560
10604
10817
10954
1098
5319
7718
3560
82
6263
9121
1185
421
762
9121
5204
5763
6263
9121
5204
5763
7346
10903
7119
4440
3183
10903
7119
4440
110
6653
11081
10423
9695
2042
659
559
5319
7718
3560
82
2286
10604
2325
964
5577
4393
930
4041
9318
9081
4821
2019
5230
1891
7929
7703
1161
797
6034
4488
3895
3818
5123
2724
666
570
3895
3818
5123
2724
5731
2457
5731
46
5171
9115
10778
7529
10897
9460
3652
9460
7255
10778
7529
10897
5719
75
6546
460
3732
8007
1533
9648
9126
8197
3915
4041
9318
9081
4821
6512
7929
7703
1161
797
6034
4488
1161
797
6034
4488
3895
3818
5123
570
3895
3818
3516
256
7543
11068
5584
10974
816
8192
5175
8426
3793
9325
5931
9577
2367
6974
3246
6549
9009
609
748
1055
1395
8217
9009
748
1055
1395
8192
7755
5175
8426
3793
9325
1316
5463
1316
3726
8869
2204
9123
149
3043
8258
10469
7084
9506
10726
3756
11343
2673
7758
9334
2995
8869
2995
9334
174
8248
8687
637
7177
10412
2506
4238
9377
8839
4993
8560
9350
5614
9350
6449
557
9377
557
8560
557
6449
9479
8466
6988
6596
3433
4071
3433
10625
10245
5605
4422
10660
9479
5605
4422
10660
10625
10660
6596
4612
9996
9770
11080
9388
6001
5575
11080
10773
9770
11080
9388
6001
2506
8839
7615
5601
2673
7758
3756
10726
8814
9123
149
3043
8258
10469
7084
10646
8258
10469
7084
10646
530
10726
8814
9123
149
3043
8258
10469
7084
10646
3043
8258
10469
7084
10646
530
8814
9123
149
7755
5175
8426
3793
812
2808
6549
9009
609
5092
340
4450
5728
5092
340
3676
7647
8418
6592
2191
8901
10023
5449
6592
5449
2191
5449
10023
6780
8901
6780
3078
9442
3568
7211
3568
55
2696
8773
9442
4550
6874
1980
9719
6327
9719
1750
10437
9290
11170
3108
9040
7798
11021
7798
11329
4600
8135
2097
10628
3638
10628
3296
8024
2600
7492
10721
9338
4600
8135
2097
10628
3296
10655
10427
8549
2648
6068
2648
2600
4493
9778
3953
575
3953
3486
1387
9256
1740
8048
1740
3868
62
1408
3955
2452
8815
2452
297
4800
10953
5276
8081
8646
5940
9332
7432
8388
9013
2982
9013
4492
6068
2600
10793
6257
5648
10411
4435
3177
4435
8920
2600
10793
1370
11033
6257
6123
10411
9715
5574
5933
4435
8920
2600
10793
1370
2558
9562
7345
504
3527
7719
1370
2558
11341
1415
8392
6288
11341
1415
8392
477
2254
1116
8561
2922
4335
2922
401
8561
6800
8561
5113
7403
10796
5095
6242
1525
11
9017
7359
550
10748
1146
9538
2702
3549
4936
3683
3411
6330
11184
6848
2400
10352
7050
1638
6542
3503
2778
4668
1855
8090
4143
4668
1855
90
9638
2536
10221
1211
10672
8874
4094
4380
51
6623
10059
3682
8093
10059
90
9472
8547
7361
7828
1973
5789
3858
5709
9638
9591
5307
5789
3858
5709
9638
9591
249
10621
7223
10621
5307
5789
7361
11250
9678
11221
8199
7967
4296
9313
1679
918
3503
9792
1547
9538
6893
7538
1435
10227
7538
1435
550
10748
3082
8093
10059
3682
8090
4143
3020
1146
9538
2702
1524
4516
7281
2751
2239
7075
8109
9928
9480
9224
2890
4501
8399
8401
5819
10127
1786
4581
10057
2144
6125
3611
7610
5953
10241
7392
9074
155
3924
9098
1018
3295
3625
9124
5515
9544
4079
1359
8147
335
1403
9716
3230
8455
8017
10850
8455
8017
5986
538
3315
5594
10038
7421
4768
6944
5109
1415
8392
477
2254
10440
8371
4688
389
6752
974
3057
5773
5896
3266
11091
9090
4059
8522
9135
2371
8152
9757
8060
10925
7897
2001
3266
11091
974
3057
1116
6800
3467
5609
10696
10064
3653
1590
2045
3328
6265
910
10855
5199
10855
9400
7781
9400
1492
2350
835
10262
2433
5718
5977
7944
4486
1416
6265
10967
3082
8093
10059
90
9472
3019
2508
3019
6520
5709
9638
9591
249
5003
10546
5407
9422
2083
9721
3475
6281
9510
7137
683
7224
10410
2686
1346
1883
7298
10869
5106
10466
676
427
3238
4005
6149
516
10151
4655
10151
3377
2293
1924
5234
6709
283
7154
3556
6406
791
10165
3605
10165
1924
5234
6709
6406
791
8987
4813
8402
1898
3826
1898
3529
6128
628
7154
3556
4066
283
4066
3556
6406
791
8987
4813
8402
9254
8987
9254
3826
6128
628
7154
1995
5027
1611
287
1611
8620
5046
2786
6396
5178
3835
4445
10873
9212
10157
372
3252
3822
10608
7609
2664
9989
3918
10901
10608
10157
372
3252
8389
5377
8240
11168
3822
10608
10157
372
391
5121
9832
5355
9583
31
6939
4334
10939
9427
9158
10917
4843
10917
4972
5704
2989
8691
6869
5355
9583
31
5704
2989
8691
6869
5355
9583
4334
10939
7348
9158
7348
6939
4334
10939
9427
4843
8006
1315
7239
4214
8357
5031
9854
3544
671
3609
7239
4214
8357
5031
9854
11282
9974
6818
2269
1007
4455
9118
1411
6113
11211
6148
8546
7406
3574
8895
10572
5027
5451
5402
287
8732
5853
9366
1079
9880
3720
1318
4804
9606
9251
9606
702
3158
3794
3360
10854
1565
9134
2565
6350
2565
6638
4111
6904
2435
522
2020
7936
9863
8698
7223
4862
8307
10546
5407
9422
2844
8491
6281
9510
7137
683
6498
3514
9041
9422
2083
9721
3475
6281
9510
7137
683
6498
11242
2491
1358
8328
3420
2020
7936
10209
9863
8698
5307
5789
3858
10364
2508
8547
7361
7828
6793
4111
6638
1784
491
1784
7925
6539
491
5502
6687
6965
9416
6965
703
2686
1346
3132
10869
5106
10466
676
427
3238
4005
5125
6149
516
7895
4655
8519
3125
10683
3616
7137
683
10683
5387
10683
8777
10732
3784
11193
5056
7035
6234
4110
6234
1362
3788
3036
8079
3024
3788
3036
8079
3024
3128
7118
4667
4557
10124
7547
9233
1603
9233
3773
5309
148
10752
2535
189
6018
3629
9971
9307
6570
3291
8074
6339
3379
8047
2757
4420
6087
3426
4586
5649
6402
10578
5291
10966
10827
6402
10578
10027
10634
4341
10629
647
258
3228
10273
10634
414
8442
4958
3426
3724
3379
8047
6087
3426
3724
3379
6570
2535
189
6018
3629
189
6018
6666
7436
18
7225
8305
5878
5106
10466
10186
8958
2116
3410
6005
2077
4628
6005
2077
4628
7136
2116
7028
10186
8958
676
427
3238
4005
5125
7895
4655
8519
3125
10683
8777
7717
3784
11193
2077
4628
7136
2116
7028
10186
8958
676
427
3238
4005
5125
4212
5125
7895
4655
8519
3125
3109
5387
3456
9183
5010
8572
3355
7439
3142
332
8572
3355
7439
3142
5836
1388
5721
1388
5836
79
10090
2171
9707
6274
4025
11023
10350
9707
6274
6586
8862
7521
8934
10973
7958
9194
8934
10973
3071
6050
3179
9218
3036
8079
9185
6344
7739
3695
3866
9218
3179
6050
3071
844
2539
10822
7973
7883
3902
10004
8345
9737
3578
1261
4922
6563
5963
8633
2434
10004
3902
647
258
7125
3374
5082
2539
10822
11244
8707
2791
34
3812
5491
9874
1993
2226
7162
1987
4856
9104
7483
1987
5965
1987
7483
4765
5622
9882
11094
9874
1993
2226
1752
2961
1618
1752
2961
11244
2961
1618
6753
3368
1341
5724
10239
8332
543
9979
10398
8944
1594
9176
9305
6906
4226
4415
1033
6833
5907
2374
4687
7089
10084
8843
3053
9639
1739
1920
1820
9639
1739
4687
1013
2374
8788
4603
3670
5616
4279
498
6480
9939
2187
7629
619
1132
8162
6678
2959
3086
4477
9384
8162
6678
2959
9365
183
9305
6906
8944
1594
3935
6683
329
1748
2682
972
2682
1748
9964
5427
329
164
5378
10671
2746
5534
7145
10671
2746
9116
8349
1681
4991
981
7528
8417
11177
5860
574
7315
5098
9201
3544
671
3609
7239
948
2074
9599
709
9832
6869
5355
9599
10264
7404
452
2882
5733
396
9974
6818
2269
1007
1008
8055
9644
6285
10690
7954
10506
1158
9623
7954
10506
5712
4530
6285
10690
7954
10506
5712
4530
4971
9644
6285
10690
7954
10506
5712
4530
4971
9517
7854
10451
1132
8162
6678
7528
8417
783
1158
9623
6293
3865
3566
7315
5098
9201
4421
1356
8496
6069
4472
2904
6789
3418
8722
1054
8454
9790
1099
5994
343
10526
7918
6122
8740
4972
10917
5429
8006
5429
4562
8740
4562
1315
10155
7693
9056
10347
10155
10347
6122
7918
9056
7693
5897
4472
343
10526
5260
10754
8247
3474
7362
5555
10588
5555
6275
3276
6814
10424
2080
2533
2086
4527
3777
904
6862
2768
8751
5816
7614
4366
4665
244
2715
7074
8275
9697
10307
1558
7802
6865
5794
10476
4956
3100
8489
6962
6164
3504
7245
5794
10476
4956
3926
2285
5489
10926
3325
76
10475
9051
3041
9051
294
10986
4412
6786
7595
3041
10069
2264
772
7160
7768
2264
772
3325
76
10475
9440
76
10475
9440
7321
9038
3323
3781
3323
529
5716
1216
3316
3921
10139
10815
3867
9627
4897
6027
7527
11066
2428
10926
3325
4554
2428
10926
10920
8968
1190
2480
5187
1801
1190
2480
5548
8542
7160
7768
2256
9885
4580
7011
9543
3390
7586
7246
7586
10633
8430
7259
8430
2656
6310
2656
3390
7586
7788
4416
3065
4042
9694
10470
5411
7358
2755
2229
10881
9054
9796
3065
4042
9694
10470
5411
5157
1769
10438
7556
6936
7738
3272
7738
3111
4595
3571
7062
3693
7368
9988
2939
3571
7062
3693
4182
8755
8150
8755
1169
1893
5300
1756
7546
9358
4062
9819
3286
9988
11012
7830
11012
3286
11012
1756
7546
7966
8150
5300
1756
9819
1756
7546
7966
7803
9286
1443
834
6598
7803
9286
1443
1407
758
3222
4421
1356
1402
758
3222
357
5138
5434
4725
5434
6426
3172
832
4182
9286
1443
1407
357
5138
832
4182
9286
834
6598
2485
8634
1979
4032
4062
4032
1979
5659
6473
8828
1968
10587
7684
8247
3474
4445
3835
8691
6869
5355
9599
10264
7404
452
2882
5733
8375
11211
6148
6948
10448
209
10448
6948
10725
2128
4455
9118
1411
6113
11211
6148
1955
9064
2341
209
1927
8898
10725
2128
4455
9118
396
9974
6818
2269
6230
8368
1008
8055
9644
6285
10690
7954
10506
5712
4530
4971
9517
7854
4969
2801
263
1759
8000
1759
5597
97
4890
7451
7311
3529
6128
628
7154
1995
1540
7720
2217
8895
10572
1540
7720
2217
8895
4500
7406
1955
9064
3909
6243
9632
5597
97
4890
7451
7311
8820
9807
4294
5439
760
10949
2623
9967
7187
4921
1013
1438
6833
5907
4477
9384
4603
3670
6480
9939
578
3337
9545
2801
263
5351
3837
977
10084
8843
3053
4294
5439
8066
1827
3456
1124
6993
8965
2623
1820
1920
7187
1920
1739
4687
7089
4279
498
6480
9939
578
3337
9545
10451
5712
4530
4971
9517
7854
4969
2801
263
5351
3837
977
498
6480
9939
578
3337
9545
10451
5712
4530
4971
9517
3239
5154
9517
3239
5154
2341
209
1927
8055
9644
6285
10690
6293
3865
3566
8368
1008
8898
10725
2128
4455
9118
396
9974
6818
10137
6230
8368
1008
8055
9517
3239
5455
3909
3574
8895
4500
7044
8546
7044
1611
8620
5046
2882
5733
8375
8620
5046
2786
6927
7404
6927
6396
5178
709
3761
10305
3252
8389
4719
8527
5898
2925
3977
11085
8732
5853
9366
1079
0
4942
6755
10839
320
10969
1105
7947
4978
10200
9366
1382
4799
10839
4799
10969
10200
9366
1079
0
2912
9452
1870
9353
1698
3017
5756
10102
2927
4315
4879
10586
10066
2912
9452
4942
6755
10839
320
10323
7809
2941
7173
10724
10698
4852
7809
10724
10698
6090
11292
170
184
7947
5898
2925
4978
10200
9366
1079
9880
5853
9366
1079
9869
1318
9869
3307
9251
8199
10586
10066
3307
9251
8199
7967
4296
1765
8904
1648
2400
10352
3734
4951
6848
1692
8407
10102
3558
1982
7967
4296
9313
1679
918
11250
918
3503
2778
4946
9792
9492
3734
4951
3683
4936
10298
8322
4588
9196
9390
1390
8311
3991
650
4588
9196
9390
1390
2129
7624
1751
10930
2758
9473
9925
10661
9978
10281
8801
8891
10545
6077
4259
8801
9401
5508
7067
3215
350
6968
8569
483
11294
2987
5238
1698
3017
5756
9050
8019
1925
6278
2708
6278
10400
429
1044
70
8311
3991
650
6330
11184
6848
2400
1
4516
1
4516
1
4516
1
4516
1
4516
