8
4130
4516
1032
3655
7680
397
4679
10360
10088
7485
6158
2420
3671
766
5906
1495
3498
6157
7425
7184
3498
6157
7425
3577
1996
5904
4864
8098
3820
5926
10972
4679
7837
846
10340
6153
3487
1032
3655
846
10340
699
6476
4136
1615
3479
8212
8513
438
6943
11124
2639
6999
9459
11088
10125
4273
3708
6121
5345
730
2327
6121
730
2327
681
5726
3708
5345
4273
3518
1067
6569
9614
2003
4773
9164
11266
303
8338
7832
2233
1548
4647
1128
2003
4773
303
8338
7832
9303
6628
4223
1939
6912
3067
271
4163
6244
1440
5493
7007
9303
6628
5552
2143
1766
3494
8485
1002
8485
3207
5373
1872
4790
5020
11288
1262
4035
4953
10991
8485
3207
5373
1872
2397
7501
5254
7536
10780
7398
6769
2036
6980
2387
11121
8978
10590
8154
10351
627
5235
9837
4474
9551
8115
3465
3451
7018
8102
9451
1786
4581
10057
2144
6063
8782
3451
1842
7018
8102
9451
10127
11272
4112
8941
5090
2035
3247
811
8677
7759
8399
2324
4368
4105
6670
2324
4368
5460
4590
8778
4796
3256
849
9928
8778
9886
11114
8174
9994
9146
5509
4880
2471
4278
2414
1422
6850
8174
7381
71
4520
6108
5426
1474
7709
8351
4250
9886
11114
71
4520
6108
2935
10319
10609
9512
2689
5426
1474
7709
5539
6457
4250
8351
7709
1474
2689
9512
4827
9699
10609
10319
5539
6457
8778
849
8469
3488
10915
5431
4288
1181
1986
7960
1322
11107
10530
3933
7815
8615
3591
5959
4439
2415
10530
3933
7815
8615
3591
5959
4885
11122
9057
9031
6273
10433
8011
10338
7917
8664
9531
7417
967
3875
3003
8253
4428
9782
9057
8449
5619
10133
967
3875
3003
9782
9057
9031
4709
2694
5537
3520
8020
6
8020
2694
5537
7885
9476
6103
6836
5182
7635
9499
7096
536
2056
6654
9872
7096
536
2056
7349
7569
9190
1339
2021
6798
1433
8911
10575
8911
652
8911
1433
10079
415
10575
9710
2579
10534
1360
995
9710
652
4180
6798
1433
10079
520
568
4756
7905
8031
7632
10292
8586
6918
2616
2261
10904
2352
5906
3498
6157
7425
7184
9589
3581
8108
6981
8461
225
8889
8189
7658
7333
6777
1119
9438
4864
8098
893
6047
9438
4864
8098
3820
4700
2225
10407
554
3282
6630
6699
6819
10144
10017
7733
5461
7559
8229
3661
11037
3962
8229
3661
7559
5461
10951
3166
1059
7721
438
6943
10656
5069
3535
8779
10656
4920
11262
1020
2933
1020
1615
9016
7093
10259
4136
7382
699
6782
3441
2626
6153
3487
259
6782
699
5019
9411
7189
5527
5623
8756
457
4679
5610
6502
4318
8098
3820
4700
3237
5330
366
7201
3237
5330
5353
3820
4700
3237
5330
366
3121
10611
8590
5368
10025
10571
2683
551
9161
495
1503
4311
7849
5715
6951
10212
4123
2837
1140
3618
9535
8283
2947
6307
1632
10921
10494
4019
7518
6129
1042
5011
2734
8127
10293
7247
1080
7793
9329
905
8854
7022
6296
9082
6104
3373
2138
862
6809
862
2138
3373
2854
6296
7022
8854
11003
7518
6129
1042
5011
2837
4906
5368
225
8889
8108
6981
5578
8536
6332
3581
8189
7658
7333
6777
7513
8590
1140
7347
9243
10611
4713
6331
5330
5353
3458
6047
893
3458
5353
5330
366
3121
6240
877
7060
5796
388
2947
8283
9535
6129
7588
7793
1080
9987
2180
3035
4377
9987
5873
1610
5729
10293
8127
7670
10212
4123
2734
8127
8515
11267
6951
9161
495
1503
4311
10709
6771
3579
7394
1503
4311
10709
6771
6738
1374
5016
8300
2326
10488
10905
10177
9490
6134
10034
8022
8089
8337
5400
8022
10034
2609
8649
7441
9437
847
6345
6824
6345
361
10148
6120
10123
1509
2107
1619
2606
6241
969
9682
2345
9255
2835
9682
2345
9255
2835
5806
2606
6241
969
9682
2345
9255
10532
5155
139
369
5190
2743
1509
10123
6120
139
6824
361
10148
7304
7441
8649
2609
7304
6134
7304
10148
6120
10123
369
5190
5806
2606
1619
2743
1509
2880
6467
2107
5885
2861
4000
1921
2503
740
911
3874
6276
8605
456
6499
1038
10602
7099
8605
456
6241
969
9682
2345
9255
10532
5155
6040
4995
569
8428
9708
4995
569
8428
9708
8285
5329
5200
847
9437
1220
8089
8337
5400
1049
1831
8650
6616
7824
9633
1220
8649
7441
9437
847
5200
8789
392
5329
6040
8285
4314
1265
7604
5302
9299
6082
10804
7941
9322
10728
7916
7419
3731
2363
11230
9322
10728
7916
7419
3731
4206
1755
3913
7363
864
1180
4878
6058
980
9664
6282
4917
10001
3437
3814
282
1375
546
2450
9455
2429
7176
8945
10594
4471
921
9626
4648
4960
7540
4139
3931
2553
11019
3931
2016
10942
4453
641
6599
6166
1409
5762
10303
2717
862
2138
1580
3816
5243
907
3864
3219
5444
3416
3622
4471
921
9626
3589
5949
7931
959
9420
2575
9420
6019
8255
3254
7931
959
2575
1005
3844
4409
4710
4231
4087
10535
2365
1837
10811
5236
7221
6245
11138
8663
6655
4458
5131
9273
4045
2481
4830
9615
3241
5583
4624
6711
4387
10416
1030
9174
8236
7341
10493
2014
8204
6024
6619
8204
6024
5769
8321
1157
3021
779
7751
8720
11289
7969
10714
9264
10820
9203
6673
10384
500
8865
899
3861
6290
1957
7477
9376
9574
2
2590
8695
7460
4992
6810
7773
4685
6447
9868
592
5779
3104
6937
3383
6130
2720
8933
6660
5982
3001
11269
1877
4904
4559
8502
3089
5908
8655
5972
7964
4801
3539
4217
5711
4198
1553
1954
11013
7835
7598
6067
8076
537
11013
1861
6323
848
10739
5246
10190
3048
6170
4652
2124
7847
6373
9969
8727
6674
10799
6817
2288
9235
9010
11025
6817
2288
9235
4268
239
2358
10637
749
8111
6212
10557
8293
8717
10415
3357
2853
9597
4161
9103
2361
207
10740
2361
9103
10642
9208
1651
5338
3823
3771
6846
10329
9552
508
810
1737
2752
4940
1214
3546
4103
3484
6080
6372
9763
4904
4559
8502
3089
404
10115
5908
11259
3539
1196
10747
1196
2156
6093
11147
7622
5075
5188
6349
4915
7242
10747
2025
8320
10115
560
751
560
2641
4694
2025
4694
2641
1196
2156
6093
4131
2948
10747
7796
6093
11147
5711
4198
1456
7964
5972
3546
4103
3182
4940
3182
6533
3449
8676
8508
5227
1877
7585
9918
3302
5448
8474
10937
442
8517
2911
5751
2311
4572
1025
9529
2182
9328
1851
2745
255
2184
10297
10533
1151
9555
4809
142
1892
3497
6161
9529
1025
4572
8942
6643
1274
7630
2185
1278
6958
2980
2005
3985
747
7630
10145
2892
9712
7585
9918
4904
9763
8676
8508
5227
8609
9549
4162
843
8772
1642
4286
3383
6937
769
4149
11248
8750
206
10342
5021
8582
7892
3800
2862
10040
10119
9008
1626
10548
5004
7350
4925
4830
5627
6228
3174
10978
4498
5598
9049
1729
9829
3150
6711
4387
7384
6205
11076
6413
4569
7002
3395
11076
6413
4569
1121
1529
8972
7002
3395
11076
6413
3746
10344
1121
1529
8972
2532
6143
5371
10493
2014
386
3674
5949
5371
8387
10883
8236
9174
1030
3332
3150
9829
710
10542
5636
9198
8720
9198
3241
5583
8299
4231
4458
5131
9273
4045
9075
3809
945
9203
10820
2822
2482
5334
9615
3241
9075
3809
945
9203
161
1981
564
9239
10996
945
9203
161
1981
564
9239
6812
5970
9075
3809
945
9203
6673
10384
500
8406
3815
2845
500
8865
899
5245
8532
6758
2297
7525
10891
11205
2
2590
7124
11205
3004
7525
10891
11205
3004
7477
9376
9387
982
1155
7892
2360
10719
9755
2740
8876
9684
4587
4012
5693
8470
2290
10184
8377
10183
10289
1941
9684
4587
9339
5941
3576
8355
6987
2395
6428
3212
4237
6736
6778
8947
7109
6784
10258
8621
7654
2509
1347
5104
10453
7188
1506
5713
1859
9236
8794
7014
6653
8280
11081
10423
9695
3721
3054
10093
10453
7188
4807
6553
2838
968
1635
1287
9006
10522
4829
4013
5097
5084
1868
5479
7716
5652
8730
5618
10988
5488
6837
4252
8598
1138
2136
856
9489
8724
5264
2564
10202
1578
7861
2136
856
10734
28
4252
1138
2136
856
9489
8724
9503
6140
10101
5868
6694
9503
6140
10101
5868
6694
5264
2564
7861
2136
856
10734
8989
5205
4778
5294
10302
1700
6942
6837
4252
1138
2136
856
10734
8989
5205
577
4778
5294
10302
8291
7462
7867
4834
9192
5379
7013
365
2213
4517
663
6378
201
5006
6526
11166
3553
10643
8935
894
4769
2921
3276
6814
10424
2080
2533
2086
4527
3777
904
6862
2768
8751
8352
607
1150
5659
6473
8828
1968
1366
2280
1239
607
1150
10032
8828
1968
10587
7684
3869
10754
10681
7262
9467
11144
4527
3777
1366
2280
1239
607
1150
2280
1239
607
1150
10032
1968
10587
7684
8247
3474
7362
5555
10588
2718
10588
5083
5091
9340
1527
8312
9036
1527
9036
9441
7900
5083
541
6729
4374
2009
6729
4374
9618
10653
1043
5041
4558
4056
1043
5041
4054
5348
5277
9935
3508
80
4054
5348
5277
3444
4555
7182
9975
10301
180
1178
8602
7277
2006
260
3641
3345
5048
7013
365
2213
1001
5165
10439
3705
3828
646
8794
7014
6653
11081
6342
3599
8736
6653
11081
10423
9695
3721
3054
4740
2042
659
559
7082
2490
212
4293
8589
98
7376
6929
5144
4342
9839
9444
979
4227
1569
6907
3056
6778
8947
7109
6784
10258
8621
7654
2509
1347
9556
9128
533
9655
8296
9128
9922
3998
533
9655
1764
1637
2344
9262
659
559
2774
7209
4695
3183
10903
7346
3673
1338
5222
11260
4632
11224
5204
1338
5222
10764
3905
8356
4429
6737
4333
2131
8467
10408
8467
8500
10408
7346
3673
1338
5222
11260
11052
5529
10902
9786
5532
8356
1506
5713
1859
11301
4403
3737
924
5165
10439
3828
646
8794
7014
5173
224
1426
9691
8589
4293
1113
120
8181
6124
4381
11028
4888
10716
295
10223
838
4654
8921
3047
2232
11299
4570
6443
2950
845
5403
2504
5761
7353
4343
3847
741
3112
7714
8554
2322
8277
2358
10637
749
8111
6212
10557
8293
8717
6564
3005
5717
7995
11013
1861
7278
1553
1954
1983
1456
7964
4801
3539
1196
2156
7796
2156
4217
5711
4198
6894
3898
175
7622
4038
2608
5075
5188
6349
6441
8744
3894
6441
4715
2876
645
6133
1641
1639
10049
175
7622
5075
11147
7622
4038
1639
10049
6816
7779
3887
4091
5246
10818
848
10739
2500
3478
2500
1281
4973
2973
6816
7779
11287
4357
3380
4896
1641
1639
10049
6816
7779
11287
4357
2357
5163
3686
5921
10558
524
5458
6973
6764
892
6106
9466
6513
9663
1139
10558
5044
7416
5044
6767
2507
524
5458
10070
2863
7648
4591
11214
8654
5859
8501
2522
5974
281
2278
9060
5115
195
10800
836
1829
8940
680
10974
816
8192
5175
5463
1316
3726
9343
7385
8209
4029
5978
7272
1772
7031
7565
7534
10252
10131
5795
1086
2202
1175
7700
6913
10268
6932
603
9181
1676
9672
5626
6561
1900
6968
9281
429
1044
3991
650
6330
11184
6848
4951
3683
4936
2157
9137
8062
2165
382
9925
8827
367
10483
10354
433
4130
367
10483
10354
7978
4230
226
919
9148
7053
4061
4160
1551
10545
6077
10252
6077
4259
8801
8891
10545
6077
3911
2147
7031
7565
1047
11176
1279
7959
3700
5201
5401
11046
3925
7560
3613
6213
9603
505
1958
4967
3949
1178
8602
7277
2006
260
3063
3769
8673
2645
3855
9929
9997
4645
5637
6651
10013
4577
3525
4034
934
3928
11235
10663
10013
4577
934
3928
11235
10663
7338
6692
8521
9567
1593
6226
9471
9612
2573
2047
2426
814
894
4769
2921
3276
6814
10424
10873
9212
10157
372
3252
8389
5377
8240
11168
3822
10608
7609
2664
9989
3940
1709
3242
9120
2169
5306
11222
5143
10197
10543
5091
9340
9184
3242
9120
3940
9989
2664
7609
9212
10157
372
391
5121
9832
5355
9583
4334
10939
9427
4843
8006
5429
4562
8740
4972
5704
2989
8691
6869
5355
9599
709
3761
10305
3252
8389
4719
8527
184
7947
4978
10200
9366
1079
9880
5853
9366
1079
0
2912
9452
1870
4879
10586
10066
2912
9452
1870
9353
1698
3017
3564
2708
8266
10400
429
1044
70
8311
3991
650
6330
11184
9047
8407
10102
2927
4315
1982
3558
1692
8407
10102
3558
1692
6848
2400
10352
7050
1638
1679
918
3503
2778
4668
1855
90
9638
9591
5307
5789
7361
7828
6793
4111
6638
1784
7925
6539
491
5502
6687
6965
9416
522
2020
7936
10209
1973
5789
3858
5709
9638
9591
249
5003
10546
5407
9422
2083
9721
3475
5517
10700
3013
10700
5517
3475
6281
9510
7137
683
6498
11242
2491
1358
8328
9416
522
2435
6904
4111
6638
2565
6350
3033
4392
9469
292
1608
5477
10982
3119
5477
8233
7729
8233
10982
3119
1148
6350
2565
6638
4111
6904
2435
522
2020
7936
10209
1973
5789
7361
11250
9678
11221
9313
1096
8530
7050
1638
6542
9492
3734
4951
3683
4936
10298
2170
5174
7624
6919
7193
2222
8472
1016
768
1932
9631
7219
353
8472
1016
7067
3215
768
1932
9631
7219
70
1821
2129
7624
1751
10930
2758
9473
3157
8241
1751
8241
10324
2170
9196
9390
1390
8311
3991
650
6330
11184
6848
1692
3558
1982
4315
4879
1870
9353
1698
3017
5756
10102
3558
1982
4315
4879
1870
9452
4942
6755
10839
320
10323
7809
10724
10698
4852
7809
2941
4696
9516
8946
8627
7397
64
824
6825
5858
10884
6950
5682
2210
7139
10196
9394
6950
5682
2210
7139
4056
1043
7415
4374
2009
2718
3160
4411
7447
4411
9952
7447
9666
6275
3276
2080
2533
2086
4527
3777
904
6862
2768
8751
5816
7614
4366
4665
244
2874
3945
5573
9992
4907
5607
6713
6096
1109
1192
1195
3954
11246
435
8072
8575
10521
9004
8575
10521
9004
1451
6890
5218
707
3350
6870
7769
11265
620
6341
2216
9525
6150
10610
5324
2737
3159
7354
7769
11265
3787
9285
10935
4310
545
9985
5639
2455
10095
6523
3141
4388
8562
6523
903
8859
10505
1599
2552
2672
8892
8534
11018
3711
11190
2294
7454
11265
620
6341
10126
7980
4891
8175
10168
871
2298
1970
8235
8581
3739
6783
7508
545
9985
11285
4310
545
9985
5639
9749
711
10729
5697
2997
3711
11190
1736
3298
3707
1097
5
11185
8841
5494
7858
5282
6870
9831
2329
6209
7196
11246
435
8072
1451
6890
7468
3427
2173
1508
4663
11000
2666
7770
10060
4102
1689
10814
5664
7743
7126
3697
10442
10537
2827
6232
2263
4446
2827
5673
11189
6232
2263
6636
5292
4556
7537
10389
1716
215
7903
3597
7715
8173
2871
3450
8907
100
8121
6180
1293
1616
4236
9865
587
1291
5799
9457
3473
1808
1291
5799
10044
2172
5007
6409
6903
6573
4236
8511
1616
731
1942
5595
1026
6180
1293
1616
4236
8511
7770
10060
4102
1689
10814
5664
7743
4128
1293
1616
4236
8511
7770
10060
4102
2871
3450
3923
3364
3217
6967
8075
7695
6211
10328
6313
7923
2331
10767
5520
4202
2099
11083
3764
6436
3854
2703
3642
1559
9669
5389
358
6581
5096
9983
3039
7152
744
10167
1335
2048
9898
4841
821
8949
2521
2310
9297
8851
5469
9609
10556
4201
3136
11004
2038
963
3970
8873
8415
6956
10409
2735
2059
5506
555
9361
11305
2096
3679
9980
14
2243
5305
10910
6909
4505
4312
4816
4365
6541
4021
2416
4926
7289
10668
5967
8194
9650
511
7166
4263
10510
5369
1160
7423
3016
5888
10697
9800
6745
6658
5126
6671
2281
1324
9265
3397
5465
3130
10198
1285
7836
9443
2152
4552
6997
4208
6842
5685
7696
2976
6419
8939
7696
2976
493
8411
10702
1469
4208
6842
3102
9395
5599
2237
5685
7696
2976
493
8411
2783
3171
7138
3397
317
3130
10198
10140
11194
5369
1160
7423
3016
10503
9392
1361
9785
331
156
4859
1369
7561
490
10286
850
6671
2281
1324
1714
11026
6745
6658
9924
9392
1361
4406
6696
7355
6720
10179
10768
1332
7291
9230
187
11099
5572
6430
4187
5572
6430
5790
5232
8057
2487
2537
91
9675
6268
8145
9764
10341
238
1072
10668
5967
8194
5568
5831
2753
4545
4490
10229
11253
701
11171
10228
472
870
2306
6705
2665
7493
9180
975
8025
544
2448
9157
2306
26
9295
10489
8505
540
1890
4818
2416
4926
7289
9202
2577
238
1072
9202
2577
698
5422
6706
8106
1856
91
2075
6720
10179
331
156
3880
9214
9111
10768
1332
7291
1852
422
9412
7226
8548
5790
5232
8057
2487
2537
4923
3135
8360
8762
3135
8360
8762
9166
8294
9750
5817
4345
7963
9530
242
6978
1633
10607
9398
11328
9901
2114
11238
8548
5790
5232
138
11238
6697
6423
8548
5790
5232
8057
2487
2537
91
9675
6481
5383
11024
8194
9650
511
7166
7636
3766
2662
7091
1624
3824
5831
2753
4074
10229
11253
701
11171
10228
472
870
2306
26
3455
1111
1125
2477
10686
9298
4818
10668
5967
8194
9650
511
1003
8774
8863
526
11024
8194
9650
511
2662
7091
7940
5071
5750
4513
1223
5071
9830
11171
2427
1223
5071
7940
7091
1624
3824
5568
8194
9650
511
7166
4263
10510
5369
1160
7423
8774
8863
2574
6696
7355
9785
6354
10286
850
6671
2281
3967
6658
9924
3798
9392
1361
4406
8018
8863
526
9650
511
7166
6056
1170
4482
1106
2273
7836
9443
2152
8061
6070
8179
9349
3550
11273
2881
3074
10396
5825
3320
9765
2220
8431
8759
8731
602
8431
8759
4736
6210
808
2658
5347
5140
10414
4367
10174
4661
2761
9426
10414
4367
3749
7672
4735
1228
8638
2002
7831
5730
4673
10219
10138
3353
923
8806
9851
7191
3144
896
9272
10187
6248
9062
9169
10823
3144
896
1819
7285
6314
9169
10823
3144
896
1819
5404
145
7202
5759
72
2528
2523
9798
7428
7965
5911
5501
9131
3008
4561
11060
6052
3389
2916
5062
3932
2168
7626
3495
7413
2705
27
499
11321
5219
193
10348
9367
1650
3561
4033
2775
9962
8119
9962
10043
8573
8196
7979
8326
3561
4033
3819
8097
4204
1841
5832
6416
3087
5971
7499
5034
4396
11097
7102
5973
1215
5060
9464
7026
7323
4894
10877
9058
2924
10550
8453
4179
8329
4028
8924
8172
10560
4067
5759
72
2528
2523
9798
7428
6000
9240
1215
5060
9798
7428
7965
5911
5501
9131
3008
4561
11060
6052
3389
4563
8666
8964
9291
9061
826
7413
2705
27
499
11321
5219
6984
8343
6565
89
69
11097
7102
1596
2657
11059
8503
11059
10877
9058
2924
10550
8453
8924
8172
9072
3920
4028
8924
8172
10560
4067
5759
6201
639
3346
9058
2924
988
7752
3124
6404
486
7938
6374
352
6453
9099
6404
486
7938
6374
352
1728
2888
11100
5057
665
1184
9815
1728
2888
11143
2634
7808
5118
5261
10824
1191
9625
8164
2624
10362
1191
6387
9383
6255
4394
10524
7762
584
6725
1221
8640
9346
8791
3696
1309
7200
7780
4753
4592
10581
7620
3657
2161
10265
855
2474
1675
7284
6322
855
2474
1675
5923
1896
8234
2058
6236
445
502
8400
7504
6393
10835
8400
7504
7608
4210
4262
1524
10570
3573
2179
10662
5901
4876
11268
5085
6872
10570
10985
10971
1731
5901
10894
6873
7697
10865
6873
4876
1731
3573
3916
4262
7608
7504
6393
10835
9227
4213
9252
5343
10927
4462
9143
10835
9227
4213
9252
5343
10927
7617
9359
4789
5975
9359
4630
2078
9397
5999
2438
8164
9625
739
10976
6387
9383
6255
4394
10524
992
9383
6255
3927
1839
8058
6255
3927
935
8812
935
11210
9673
6277
3871
2004
1607
9133
3118
7342
4730
326
7961
7737
3853
3118
9133
1607
2004
10657
6486
2039
7389
8591
1614
8793
5034
4396
2525
3372
3897
8475
6271
3255
193
10348
9367
1650
3561
4033
8573
10043
1074
9481
1074
8119
2815
2611
2815
8231
111
11077
1423
10651
10033
9926
9407
5068
2611
4164
9481
8196
8573
4033
3819
949
6492
2742
6593
4602
10638
8327
7111
3778
7852
1541
10758
2887
7324
9005
9743
8693
6421
1878
8476
2848
10033
9926
9407
5068
8656
10651
10033
9926
8659
7979
8326
5219
193
10348
9367
1650
6459
3819
949
6492
11077
1423
197
590
2742
6593
4602
5932
2534
4070
1541
10758
2887
7324
6877
7275
1056
9429
5839
3950
3129
3026
5211
2719
5167
2488
6566
4257
2937
11132
10898
8969
672
10005
315
1342
9307
2757
4420
6087
3426
4586
5649
6402
10578
5291
10966
10827
6402
10578
10027
10634
10273
10634
414
8442
4958
8379
7698
4096
9973
1571
4096
9973
8803
6377
5102
1646
926
8051
3026
5211
2719
5167
2488
4291
9593
8631
8182
7412
4291
9593
243
2346
84
2836
8222
6267
6221
6336
6584
6048
8087
1847
4817
3318
1348
5386
158
6425
880
10645
9210
10278
1906
9245
296
11010
1906
9245
8309
7921
10280
3687
4456
5538
9177
1068
1862
8110
3687
4456
5538
9177
1068
10857
976
10992
900
3860
4886
7313
1833
2954
8741
1308
2736
11074
8238
9501
3690
168
8110
4456
5538
5498
11142
5128
11078
7515
10735
712
6860
10337
9858
5109
897
7811
1244
305
6957
3567
5814
8480
8699
7421
4768
6944
5109
897
7811
216
305
23
7939
9562
6652
4511
9256
8315
8574
4171
6175
2710
1656
9778
3953
3486
1387
9256
7181
3143
8169
4767
9773
8257
4598
998
946
9773
8257
4598
7180
4511
9256
7181
3143
8169
4831
4379
7602
9892
5630
7986
1965
1481
7657
2142
5594
10038
7421
4768
6944
5109
897
7811
216
305
1244
2492
23
2492
7939
9562
7345
504
3527
7719
7910
3527
7719
1370
2558
11341
1415
8392
6288
11341
1415
9858
3619
8478
1081
7515
3131
277
5800
11286
3315
9955
262
10243
5072
5778
7650
11155
2685
2231
4484
9456
1419
2484
9569
4731
8252
1312
4503
9716
3230
8455
8017
10850
296
11010
6317
8648
5915
1230
1461
9210
10278
11243
3457
1120
6996
1847
4817
3507
8427
7199
9720
3827
6221
6267
2346
84
5352
9721
3475
6281
5517
7583
5916
3233
261
11120
6566
4257
2937
8969
672
10005
1342
9307
6570
3291
10752
2785
7547
9233
1603
9185
8079
3024
3788
1014
3234
9546
1388
5836
3142
332
7079
5387
10683
8777
7717
3784
11193
2077
4628
6005
2077
4628
7136
2116
7028
10186
8958
676
427
3238
4005
6149
516
10151
3377
2293
1924
5234
6709
6406
791
8987
9254
8987
4813
8820
9807
6084
9465
7081
8555
6084
9465
8066
1827
3456
1124
3355
7439
79
10090
2171
9707
6274
4025
11023
10350
9707
6274
4025
11023
10350
1854
4921
2343
251
3570
9223
179
6966
10058
6586
5195
3890
1070
10584
4454
1444
6686
3176
8912
9979
10398
8944
6686
3176
8912
9979
10398
2453
6683
3190
9289
10878
7066
4638
7864
9913
2135
8113
1933
4284
10652
4856
9104
4959
1530
3477
10113
697
9309
3062
10210
5734
7974
2174
1062
8661
7974
2174
1062
8661
10210
5734
8976
7792
5480
2250
5480
7792
8976
143
4228
9309
3062
8144
8786
7296
2585
2695
7231
8765
697
8765
8483
7450
3785
3180
1622
1897
10807
5168
5624
6497
3477
6309
5166
9571
940
10849
7059
1530
3709
10652
1933
4284
5375
7424
6982
588
7424
6982
473
2348
612
3368
7958
10973
3071
6050
3179
9218
3036
8079
3024
3788
1014
10254
9241
4110
10254
5919
6898
9546
1388
5836
3142
332
8572
3355
7439
79
10090
1854
4921
1013
2374
5907
4477
3086
2959
6678
7528
8417
11177
5564
4991
1681
8349
9116
2746
10671
5378
4533
6529
4073
7686
9958
6683
3190
9289
7066
4638
1622
1897
4934
8483
7450
5427
329
164
5378
4533
6529
1594
9176
9356
9811
6529
1594
3935
7686
9958
6683
3190
9289
10878
6815
4190
473
2348
2784
5844
612
3368
1341
5724
1070
10584
4454
1444
4226
4415
6883
9223
179
6966
10058
6586
8862
7521
8934
10973
3071
6050
10676
9546
1388
5721
5985
10501
986
8862
2106
234
3512
5724
10239
4385
10600
8332
6815
4190
588
3741
7784
615
9913
2135
10807
5168
1620
6497
3477
5166
9571
4997
106
10113
4934
1897
10807
5168
1620
5624
6497
3477
5166
9571
940
10849
5603
7422
3069
6776
1521
6442
8419
7891
136
3405
9843
11161
8138
5826
3214
10581
3657
7756
4619
2093
4536
10844
7620
3657
2161
2561
5764
2474
1675
5923
1896
8234
2899
5170
5923
1896
8234
2899
178
4622
7327
8184
3394
4622
7327
6889
10784
7435
4789
5975
9359
4630
2078
9397
5142
2654
5824
7574
10976
6387
9383
6255
4405
4516
1032
3655
7680
579
390
10701
458
8617
989
2895
1545
11072
4675
6158
2420
3671
766
5906
1495
1562
5920
5596
3051
4610
5786
5732
6607
8438
10292
8586
6918
2616
2261
2194
510
4610
5786
5732
6607
6176
523
11020
7951
4253
7749
3152
4512
5891
6046
8008
151
8662
4177
4270
10541
725
6615
8008
151
8662
4177
4270
725
6615
4512
5891
6046
5086
8008
151
10566
4258
10377
10231
10377
2589
9740
987
3081
7879
1582
336
7859
7879
3081
2633
3588
11101
8156
8662
8156
10647
9848
7340
10122
1763
10577
5423
6501
7643
10961
1351
5423
6501
9347
5899
9824
6530
4007
2244
7685
1647
6672
10122
1763
10577
5423
6501
9347
5899
9824
6530
4007
2244
7685
1647
8408
4216
11101
8156
10647
624
4177
10577
5423
6501
9347
5899
9824
6530
4007
2244
7685
1647
8408
4216
6882
3278
6882
3322
6882
4833
3278
48
4833
3278
48
3322
9848
7340
10122
1763
10577
5423
6501
9347
5899
9824
5001
1816
5250
2562
9073
44
4022
2868
8183
9729
10731
6608
4011
334
10287
6954
7236
8685
7906
6256
7452
3922
2546
1838
7301
5705
566
6256
5269
81
5169
8881
6954
7236
8685
5269
6112
2175
4944
909
81
5169
8881
6202
2698
915
10601
11075
1420
334
10287
1450
5924
10248
6202
2698
915
449
1400
4215
1400
7516
1420
334
10287
6954
8341
7123
5705
566
4785
398
3922
2546
1349
7545
3447
8342
11056
2901
3249
5037
6858
44
4022
2868
5035
1575
1234
3584
7579
6184
5295
11169
3765
7579
6184
5295
10003
9188
3343
7876
1292
2215
11126
10094
6626
1292
2215
2082
5829
1179
4975
8844
7386
7334
2046
6312
2046
7926
973
7190
7563
2015
10295
8433
10035
2766
4944
2880
6467
2107
5885
1871
3505
1386
1266
2953
4689
11290
6302
1715
3710
953
4000
5885
2861
3505
1386
11290
1085
6009
2804
2803
2942
9419
4515
2516
9396
8848
6723
4851
6835
6690
3114
3381
4851
6009
2804
2803
2942
7786
6302
4372
6399
3555
3476
6922
8026
3710
953
1871
3505
1386
1266
3914
7410
2271
192
10707
8347
4797
10760
644
5900
9461
8980
1796
8347
4797
2526
11228
4549
9461
8980
1796
3253
3914
3253
1796
8980
9995
3253
192
10707
2940
1662
3996
1398
2940
10276
8211
1662
3996
9076
6300
1123
3615
2043
371
1224
1992
6422
2385
3356
5979
1224
1992
7957
10864
7957
3615
2043
4911
7728
1182
11207
929
9076
6300
7728
10516
3722
11040
1182
11207
929
928
6519
2747
11207
929
928
6519
2747
928
6519
1662
3996
1398
8260
4714
9774
2011
5767
409
6300
1123
10
2550
10495
409
6300
7728
10516
8495
10516
3722
8930
831
7587
2566
8369
2566
10699
2704
7511
5725
8637
5569
3002
9674
3522
3356
11065
4469
970
3522
3356
11065
3825
8518
7535
9026
8928
7587
2566
10699
2830
4459
9674
2199
7377
10153
8746
7843
8261
8746
7843
5559
10246
2380
4148
2891
9232
10774
1659
4099
1901
9783
6190
1270
3285
618
9783
6190
1270
3285
854
349
618
349
11123
1802
4099
1901
9783
6190
1270
2053
7442
2549
3627
1935
3627
10845
9983
3039
7152
744
10692
2454
5631
10167
10513
7152
744
10167
1335
2048
9898
4841
821
8949
10626
2521
2310
9297
8851
5469
9726
734
3136
4201
5262
10556
9609
3980
5688
3500
7128
5303
7383
2866
9219
4138
1678
4209
2578
5497
6478
10062
8715
3594
2247
10399
6953
3326
2917
6376
6830
6953
3326
3995
9270
4287
7128
5303
7383
2866
9219
10631
8910
5303
7383
2866
9219
4209
2578
5497
6478
5161
3260
5481
8459
10970
8424
7069
7263
7449
10156
4308
6925
3632
2067
1997
5848
3101
3339
9668
7702
2296
781
9150
6718
7578
786
1902
4395
11333
7848
5848
7848
4870
11333
6867
1817
5278
2669
1199
7391
11223
6853
10688
1815
4135
1997
1107
3358
6841
2821
6458
10189
314
11322
10189
6458
2821
8148
2660
2296
781
5679
7887
166
7234
8001
7401
4868
6964
7623
3267
2158
6489
3267
2158
450
5213
2910
2308
7690
10803
9822
481
4957
5752
7092
10085
3401
3442
5617
5625
9197
3470
9280
10172
3014
8952
8603
8850
5414
5617
5625
9197
1825
4082
5347
5140
10414
4367
3749
7054
4661
7855
10392
2658
5347
10658
8292
6475
6418
344
9247
10658
8292
6475
10081
8460
6418
6146
4100
1697
10361
1697
4961
2759
2410
1088
1697
4961
9414
230
3612
9386
4786
7230
1354
7672
153
7054
310
3055
10009
9502
5866
5424
2266
7520
11218
7742
11198
5554
6868
6210
808
2658
7016
2738
9687
1636
4088
5137
3470
9280
8850
4873
10490
6111
481
2308
7690
9822
11347
6111
3428
10085
3401
3442
5617
5625
9197
1825
1004
8479
347
10162
3
2121
8971
8784
7271
6328
2472
3281
450
5213
11112
3267
2158
6489
9132
4868
6964
4968
7234
8001
7130
6207
781
9150
7702
9668
3339
4395
11333
4870
1238
1817
5278
2669
9173
6368
11229
1199
7391
11223
6853
9025
8970
4485
1432
1459
341
10680
5496
8872
10862
5076
5394
10715
4312
4816
4365
6541
10753
5315
6591
4781
8360
8762
9166
3545
138
11238
6697
10012
9947
842
5772
7265
6773
3610
5758
6469
11280
7360
2802
6594
10667
6446
2727
6813
10984
7775
10746
507
8566
1526
586
10789
2592
9018
10386
9398
10607
11306
9530
242
6956
8415
6262
10409
2735
2059
3153
5506
555
9361
11305
9959
5943
6712
5322
9986
6688
7687
5536
5691
7134
2041
912
11291
6712
5322
9986
2041
912
11291
2323
6095
2441
8016
2243
5305
10910
6909
4505
4312
841
10317
7493
9180
5290
6705
2665
7493
5388
10465
2599
975
8025
544
2448
9157
5290
6705
2665
7493
5388
2417
1978
5699
8250
9048
9748
950
6485
9315
8059
9540
6172
7844
8752
7303
5912
11054
7573
8553
11297
5801
1432
1459
10680
5496
11167
8596
10554
8669
9907
1154
9228
8095
4485
1432
1459
10680
5496
8872
10862
3224
2441
8016
2243
10757
10753
5315
9028
9750
5817
761
11108
2059
5506
555
9361
11305
9750
5817
761
11108
2059
5506
555
9361
9959
5943
2323
6095
9980
14
2243
10757
10753
5315
9028
9750
5817
761
11108
2059
5506
555
9361
11305
2096
9028
9750
5817
4345
7963
10247
9901
6014
4345
7963
9530
242
6978
10936
7185
4502
8680
4251
10791
3184
24
6544
2287
7712
2771
6091
6748
7868
11237
1077
1811
6099
5088
2661
5088
6099
1811
1077
11237
7868
6748
6091
4251
8680
7970
7407
5687
7141
3052
5864
8361
7873
11197
6360
5259
1587
7970
1587
9803
819
6386
4502
3783
1193
9330
10936
7185
8033
8873
8415
6262
3321
5688
3500
7128
5303
7383
3960
2578
5497
6478
5161
10441
4495
6259
727
2422
10457
177
9520
5531
7135
2034
8251
5531
7135
4090
6171
6375
1702
11172
1702
4090
6171
8359
6286
2776
5325
2356
3045
9258
5812
6286
2776
5325
2356
3045
312
6369
10381
6369
11115
2132
5340
11127
7675
5067
4373
5863
5937
321
3791
6463
9877
6680
10689
6923
4828
10876
2701
7705
1326
6762
6744
2568
1592
9948
1944
4866
7263
7449
10733
10375
1613
4135
1238
1817
5278
2669
1199
7391
11223
6853
4410
4483
10970
2242
9520
5531
7135
4090
6171
6375
11118
11172
4466
2282
8381
1100
152
4414
7161
10879
8331
9629
2697
2413
8259
9326
5336
5152
6291
448
9630
3270
6092
1036
3422
4353
9630
3270
6092
1036
1516
4658
8529
1093
7706
7869
3417
7055
1100
9808
9234
11173
775
4690
4743
5706
9917
301
10203
4330
1159
5456
1159
8394
775
512
9284
3791
321
2245
3593
1130
6971
4052
5670
4703
5670
2132
770
6991
5340
11127
6923
485
1918
4828
10876
2701
10201
9905
6744
2568
1592
9948
1944
4866
7169
2242
9520
5531
7135
4466
2282
8381
1100
9808
152
3083
10892
7869
3417
7055
1100
9808
9234
11173
10559
9234
11173
775
4690
4743
5706
9917
301
10203
3288
5029
2555
8094
3460
301
10203
3288
78
5456
4839
10296
6504
4499
2176
8894
8877
7894
6684
6992
8069
5570
7183
7098
5080
2621
7649
4924
8346
5570
7183
7533
4509
1057
10253
10756
5094
6661
4065
8403
7494
2906
1701
7100
9500
1956
5966
8628
3547
673
5156
53
116
4919
9391
2072
6949
4919
9391
621
9879
7760
1660
8403
4065
8974
8304
11008
4194
5435
5918
3231
5420
6408
1719
3957
4448
9276
7009
5910
2372
4584
6359
1022
10498
2154
10574
1300
5810
4332
5382
8883
6568
4548
1480
4819
8200
2878
9508
236
4417
10945
4340
3634
10959
8201
4340
3634
10959
6505
1959
7834
10271
3359
10193
1758
4755
9475
5871
9653
5179
6405
956
1058
8909
4867
7258
2839
5521
5658
6589
9408
10525
10436
2120
9292
4728
3838
5792
7627
10919
8391
3268
5284
708
9679
1556
4674
7834
10271
6589
9408
10525
10436
2120
9292
4506
4728
5792
7627
10597
10919
8391
3268
5284
708
9679
1556
4674
7834
10271
3359
10193
1758
4755
9475
5871
9653
5179
9943
5179
6405
9653
944
10674
8099
1201
6735
9759
4579
1040
11070
944
10674
8099
2852
3537
8099
1201
6735
9759
4579
1040
1758
10193
3359
5521
5658
6589
9408
10525
4121
8670
5218
707
3350
2329
6209
7196
144
8906
2777
5500
634
4788
9587
2421
3402
2996
7913
11044
7651
4891
6251
2298
1970
6251
2298
1970
8235
8581
3739
6783
7508
7943
7676
10935
4310
545
9985
5639
11162
10173
10095
6523
903
5671
6197
364
2588
6545
9097
5671
6197
364
2721
3943
5078
8624
5945
1328
3943
5078
9933
10454
1778
4186
3199
3583
6545
9097
5671
6197
364
2721
1095
10357
1095
1938
8264
5681
7232
5925
1876
2502
5681
11185
8841
5494
7858
5282
6870
9831
5324
2737
9525
6150
1017
7913
11044
9525
6150
10610
6209
7196
144
8906
3774
3438
5744
4389
7482
1881
8810
9130
9953
8568
9714
7544
10097
9314
1021
7122
1734
10180
6721
4053
10349
4761
5586
8374
5586
3245
9094
1663
7390
3976
1320
9007
4869
9007
9491
3592
3994
8614
1880
5194
7446
1256
8374
1843
8207
9007
9491
3592
5846
2177
7669
9780
7455
882
9628
1557
5883
5356
8037
9732
2495
5835
813
7019
8996
10468
8716
5951
8996
10468
8716
1791
272
8037
9732
2495
5835
3623
5573
9992
10135
10962
3096
11344
3409
9953
8568
9714
7544
10097
9314
5890
11227
1021
7122
1734
10180
10579
2177
2402
4869
9393
217
4407
7829
9027
4292
1499
1343
8665
3959
8878
1732
2403
1071
5333
67
7178
67
221
9777
221
3066
1563
6795
8163
4175
9622
9200
9605
8618
9622
4175
886
5183
10749
5592
1075
6098
1075
5370
1249
4175
886
5887
8163
6795
5367
6915
9659
6094
1399
7006
4338
5768
2926
7006
4338
5768
1307
408
5445
9835
2926
5768
4338
7178
9777
10641
7006
1399
3439
7466
9019
3432
38
7466
9019
3432
5217
74
7819
10788
38
7466
6429
3654
2193
408
1307
5768
4338
7006
10641
6094
9659
6915
9200
8745
4914
45
8333
2162
3964
245
9595
1424
10299
5395
4290
9595
4290
3715
2951
9532
4642
4914
45
1711
10511
8842
5464
4815
1930
7912
1969
8
9660
1489
1930
7912
1969
8
2554
9199
1534
6839
5905
274
3340
7551
1048
5612
9810
9934
3929
7822
7456
2451
4777
1999
7639
8425
3293
4836
7504
6393
129
9949
2711
306
3007
4359
5110
2994
1806
8422
1535
3523
7194
8963
3862
901
1241
3523
7194
1066
5581
8439
4117
947
3370
9369
10562
7497
8153
2023
1029
7524
4089
10560
4067
5759
72
2528
2523
9798
7428
6000
9240
6116
5911
5501
9131
3008
4561
11060
6052
3389
4563
7107
9061
826
5023
4871
11057
2916
5062
3932
2168
7626
3495
5023
4871
11057
2168
7626
3495
7413
2705
7034
7704
6852
8101
9449
6057
8206
3992
8298
7797
5939
4649
9179
2796
5939
4649
9179
6057
8206
3992
5365
8780
5310
10336
7727
2359
1555
42
608
9005
9743
6159
6421
1878
8476
7631
6571
5221
6249
691
9043
10848
2789
9788
9982
6525
8130
4026
1717
27
499
9142
6659
11321
5219
6984
8343
6565
5501
9131
3008
4561
11060
6052
3389
4563
8666
7428
6000
9240
1215
5060
9464
3448
7323
4894
3346
9058
2924
988
7752
3124
6404
486
7938
6374
1889
8498
951
9692
5273
1889
9692
5273
6642
10529
5879
11119
6394
10478
8963
1241
3523
7194
1066
5523
469
1089
8540
10482
3951
1699
11208
1089
3951
1699
11208
3015
10899
5523
469
8330
7114
2644
1502
9483
7968
5180
4982
5834
9483
7968
3782
1673
6455
2317
7665
6065
7143
3759
2236
9191
5433
6109
6145
4634
8878
7469
8140
6238
1392
6952
882
9628
36
9474
9514
648
2349
10962
7723
6163
1557
5883
5356
8037
9732
4970
6411
4996
8297
10649
8471
7465
2342
4514
4693
4943
2024
5436
8350
6947
4943
2024
2773
272
8037
9732
2495
5835
813
3623
5951
5722
7019
8996
10468
2024
2773
9842
8716
1791
4574
9866
2347
7074
8275
7802
6865
5794
10476
4956
3926
8054
2133
11043
9690
3040
8613
123
5862
11150
1136
548
11339
509
3079
269
10249
1536
9127
5547
3403
5653
5582
6797
478
9844
4478
2338
11051
2338
9127
5547
3403
4304
8718
5503
4742
5653
5582
8836
9003
245
888
4400
8333
2162
4642
6162
9532
4642
4914
45
1711
10511
8842
5464
6757
3378
9573
8966
3203
10932
3310
8619
7372
1075
5370
1249
5183
125
1863
5887
3684
10736
9908
1863
125
208
8525
5592
10649
8471
7465
10285
6947
6411
4996
8297
10649
8471
8701
4996
8297
6098
7681
7372
3211
5370
1249
8618
9622
6915
9200
9605
8619
2190
10932
4642
6162
3485
2945
3485
2951
3715
6305
406
3472
8039
6025
3425
6962
11034
6807
6695
381
9533
6164
3504
7245
5794
10476
4956
8867
7308
4120
3425
8867
3926
8054
2133
10164
4927
4525
10220
2230
5862
11150
1136
10654
2105
1268
1873
572
4948
7434
6704
2918
1505
572
4948
7434
6704
5489
10372
8129
2285
5489
10372
6030
5666
9497
2963
4086
6865
5794
10476
4956
3926
8054
2133
10164
4927
4525
10220
2230
5862
11150
1136
548
11339
4986
984
9976
9594
1629
246
6641
10500
6768
1225
2591
2149
8888
10249
269
2847
4119
6440
1629
4119
2847
3079
269
11051
11296
9321
8983
7274
11296
9321
8983
10615
548
2228
729
10311
1577
10819
9380
4232
5242
1577
10819
9380
190
9448
9889
9999
7043
8975
6963
1726
9797
5130
4427
7080
5471
4261
6788
6431
10091
1298
8219
8764
1202
7080
4427
5130
1165
7496
1165
4152
3979
5452
3836
9564
9797
1726
3312
1726
6963
4040
1216
3563
5753
4763
5242
4232
9889
9999
7043
8975
6963
4040
5608
3781
8861
9051
294
7595
294
10986
5754
6716
345
8743
3979
5452
3836
4040
1216
3563
5753
4763
5242
1577
10819
10275
190
1301
1202
7080
4427
3312
4140
1301
1202
7080
4427
3312
4140
7043
8975
6963
4040
3836
9564
4152
3979
8743
6716
5754
1964
8703
3551
9903
4044
10592
5880
6786
7595
3041
10069
2264
772
3325
76
10475
9051
8861
7321
9038
529
5716
1216
3563
5753
6362
4763
5242
1577
10819
9380
190
9448
9999
7043
8975
6963
4040
1216
3316
3921
9762
11209
1268
1873
5736
3921
9762
2069
8860
3316
3921
10139
10815
3867
9627
4897
6027
7527
11066
2428
4554
2428
10926
3325
76
9440
7321
9038
3323
529
5716
5608
3781
8861
9051
294
10986
4412
6786
5880
1964
8703
3551
10592
5880
11249
3085
6786
7595
6218
7595
3041
10069
2264
7768
2256
9885
4580
7011
9543
3390
7586
7788
4416
3140
10464
10587
7684
3869
10886
5260
10754
10681
7262
9467
1094
3869
10754
8247
3474
4445
3835
4445
10873
9212
10157
372
391
5121
9832
5355
9599
10264
7404
452
2882
5733
8375
8620
5046
2882
5733
8375
11211
6148
1955
9064
3909
3574
8895
10572
5027
1611
287
8732
3720
679
9469
292
1608
7729
6350
2565
6638
1784
491
5502
522
2020
7936
9863
8698
5307
5789
3858
10364
6520
5709
9638
2536
10221
1211
10672
8874
9379
6623
2628
7944
4486
7991
10770
1416
10770
7991
5718
5977
8178
6623
10059
3682
8093
10059
3682
8090
4143
4668
1855
8090
4143
3020
1146
9538
2702
3549
4936
2157
4842
9137
8062
10463
10298
2170
5174
7624
6919
7193
2762
5216
2758
9473
3157
8241
10324
10463
10298
8322
4588
9196
9390
1390
2129
2222
8472
1016
7067
3215
350
1932
9631
9281
429
1044
70
1821
353
8472
1016
7067
3215
350
6968
8569
8266
2708
3564
483
11294
2987
4260
1487
4541
6174
1923
3366
9415
6755
10839
320
10969
10200
9366
1079
0
4942
6755
2941
4696
9516
8946
8627
6535
684
3181
6137
6352
10037
6644
64
6132
9279
6644
64
824
6825
5858
10884
3027
824
6825
7791
7397
64
824
6825
7791
4540
1703
8946
10403
10777
5876
6693
4260
3297
5876
3181
6137
6352
10037
6644
64
824
6825
5858
5682
2210
7139
10196
9394
3027
824
6825
5858
5682
2210
7139
4056
1043
5041
4054
5348
5277
3444
4555
7182
7409
2524
9207
10831
9888
5485
9758
1445
5952
4861
2070
4782
5012
1912
9620
7004
6656
1803
7420
5089
52
5299
5148
2671
5148
3879
8857
8218
5785
3700
5201
5401
11046
8608
10380
9996
9770
11080
9388
788
7177
6001
2506
8839
4993
5614
6269
7084
10469
1787
5381
10952
816
8192
5175
5463
1316
3726
9343
7385
2867
2995
9334
9123
149
3043
8258
10469
11255
7510
11235
10663
7338
6692
7584
2462
2456
2462
2851
5495
6107
2305
8602
4382
180
1178
4325
2305
8602
7277
2949
2192
4698
2949
2192
4698
8551
943
5162
4382
9011
2166
10301
2166
1915
10956
2643
9935
3508
80
4054
5348
9253
7789
8396
5248
7250
8749
3300
6132
5952
4861
2070
4782
4423
4822
6932
603
9181
1676
7557
11294
2987
4260
1487
4541
6174
1923
3366
9415
6755
10839
4799
1382
9366
5853
8732
287
1611
7044
8546
6148
1955
9064
3909
6243
9632
5597
97
4890
7451
7311
8820
9807
6084
9465
8066
1827
3456
1124
3355
7439
3142
5836
1388
5721
5985
986
8862
2106
234
3512
5724
10239
4385
10598
612
6753
1618
2961
11244
10822
7973
7883
8707
2791
34
2690
4730
326
7961
2445
8254
9405
6879
1967
3927
1839
8058
3499
3294
7039
8541
8064
8992
5057
2392
6617
1482
6617
2392
2728
10866
1184
9815
1728
2888
11100
7204
5118
5261
10824
7039
8541
8064
7293
4676
2032
1131
7293
4676
1131
2032
10077
6770
2110
6770
4678
8216
8591
1614
1084
9385
10443
5604
3972
4543
9977
2924
988
7752
3124
6404
486
7938
3752
3370
9369
7524
4089
9072
1029
10562
7497
8153
2023
1029
7524
4089
10560
4067
5759
72
2528
2523
145
7202
11098
3223
9981
7517
1251
3799
1209
3719
455
7935
807
9833
9247
10658
8292
6475
10081
1354
7672
153
10009
9502
5866
3055
10009
9502
1931
7724
2855
4097
1041
7724
1931
2167
10691
9288
359
5675
7668
5632
1373
9801
9932
5133
2693
6639
5022
9748
9042
5122
4043
10461
10485
11200
7871
5077
3936
7248
9042
3882
11256
6172
7844
8752
5912
7844
8752
6875
3882
11256
5690
950
6485
9315
8059
5690
950
6485
9315
6805
9686
9826
1263
1604
10211
5822
9826
1263
6398
6485
9315
6805
6970
8456
5076
5394
6970
8456
4355
8872
10862
5076
10910
6909
4365
6541
10753
10757
2243
8016
5305
10910
6909
4505
4312
4816
4365
6541
10753
10757
2243
8016
2441
6095
2323
11291
6712
5322
7012
2917
6376
6688
7687
6830
7863
5536
5691
7134
7687
5536
5691
3224
10862
5076
5394
9686
9826
1263
6398
1604
1284
8625
2417
1978
5699
8250
1284
8625
2417
10465
8335
10859
7694
1581
3974
1581
6639
5022
7248
9042
5122
3885
861
9261
6488
9923
163
1643
8997
6488
9923
163
1174
2127
10564
11229
11223
6853
10688
2607
8424
7069
1815
4135
1238
1817
5278
6867
1817
5278
2669
1199
7391
11223
307
1313
188
1432
1459
10680
5496
8872
10862
3224
2441
8016
2243
10757
10753
5315
6591
3311
1856
91
2075
6720
10179
331
156
3880
4092
4141
9723
137
5209
9069
3591
5959
7197
2593
547
3723
2446
6049
3459
668
94
7955
10283
5359
872
5186
2261
10904
2352
5906
3498
6157
7425
3577
1996
5904
7333
6777
1119
6331
5330
366
3121
6240
877
10055
2655
2408
8757
4977
1267
2225
10407
554
3282
6630
10326
743
6191
7189
9411
9611
10627
6260
6191
7189
5527
10407
4306
1267
7201
3237
5330
366
3121
10611
4713
7513
8590
1140
7347
9243
3806
6240
8757
4977
3121
6240
877
7060
5796
3093
6806
2408
8757
4977
1267
7201
3237
5330
5353
3820
5926
10972
4679
7837
846
10340
6153
3487
259
420
6926
5755
11303
4501
8399
8401
5819
9855
1786
4581
10057
2144
6125
3611
7610
5953
10241
7392
9074
155
3924
9098
1018
3295
3625
9124
5515
378
3839
6126
430
7481
9578
4988
6899
2049
1658
2483
9522
876
8780
2700
10336
7727
2359
1555
42
434
10216
6571
5221
6249
8659
9926
9407
5068
2611
4164
9481
1074
10043
8573
4033
3819
8097
4204
1841
5832
6416
3087
7112
8630
11005
10105
6486
10105
2318
4808
11005
4808
2318
5689
7389
7872
3186
4678
6770
9673
6277
10657
6486
6804
6563
5963
8633
9737
3578
1261
4922
6563
5963
8633
2434
10004
8345
9737
4341
10634
414
8442
4958
3426
3724
2044
3426
3724
3379
8047
6087
3426
3724
3379
6570
3291
8074
6339
1295
4586
5649
6402
10578
10027
1401
10273
3228
258
7125
3374
5082
2539
10822
7973
5082
9417
5291
10966
10827
9651
148
10752
2785
7547
9233
1603
7118
4667
4557
10124
7547
3773
714
6344
7739
3695
844
2539
7973
4068
5226
3902
647
258
7125
3374
5082
9417
5291
10966
10827
9651
5649
6402
10578
10027
1401
10723
258
7125
3374
5082
2539
10822
11244
2961
1618
1752
2961
1618
6753
3368
1341
4385
10598
2348
612
3368
1341
5724
1070
10239
8332
543
2453
6683
329
164
5378
10671
8950
3873
9116
8349
8880
10487
2543
1681
4991
981
2369
9365
183
3086
4477
9384
4603
2187
7629
619
3896
10406
578
3337
9545
10451
5712
4530
4971
9517
3239
5154
9517
7854
10451
1132
8162
6678
7528
8417
11177
5860
574
3865
3566
7315
5098
9201
4421
1356
8496
6069
4472
343
10526
5260
10754
10681
7262
1094
11144
4527
3777
904
6862
2768
2930
9054
9796
3065
4042
2229
10881
9054
342
6627
3154
5816
7614
4366
4665
244
2715
2874
3945
437
5951
8996
10468
8716
4574
9866
2347
7074
7094
3264
8761
10633
7586
7246
532
10633
8430
2656
6310
7259
6310
7011
4580
5548
2480
5187
8542
7160
7768
2256
9885
5548
8542
7160
772
7467
10920
8968
1190
5187
8542
7160
772
3325
4554
7527
6027
4897
9627
3867
10815
10139
3921
9762
2069
8860
3563
8975
6963
4040
5608
3781
3323
3781
8861
9051
3041
10069
2264
772
3325
76
10475
9440
7321
9038
529
5716
1216
3563
5753
6362
3493
10703
2228
548
11339
509
7274
8983
8613
123
5862
11150
10615
8983
9321
4686
8919
11043
9690
3040
9321
4686
7352
478
9844
631
3403
5653
3324
631
4478
2338
9127
1536
9485
5413
9485
6548
5757
6548
5547
3403
4304
2489
10783
488
11325
3292
4791
8165
7440
1222
2489
10783
488
8012
5997
5503
4400
8333
2162
3964
3715
6305
6945
406
3472
8225
10999
7597
5934
7597
3284
8916
381
9533
4613
1558
7802
8275
9697
10307
1558
4613
381
6695
6807
5934
8225
10051
3472
8039
6025
3425
6962
11034
6695
381
9533
6164
3504
7245
3100
8489
6962
6164
3504
7245
5794
10476
4956
8867
7308
2027
1634
4120
7308
9071
8054
2133
10164
4927
4525
10220
2230
1268
1873
572