8
1
4516
1
4516
1
4516
1
4516
1
4516
1
4516
1
4516
2570
4516
9806
6583
4211
4516
7281
2751
2239
3878
2364
3216
7851
3775
5837
5431
4288
1181
1986
7960
2094
656
1126
7030
7815
8615
3591
5959
4439
2415
10720
3534
2150
4571
1814
6665
2723
6665
11316
7782
4571
1814
6665
8667
6152
4516
4122
7281
2751
2239
7075
8109
601
7572
11103
3227
2239
7075
8109
601
8109
9480
9224
2890
4501
6414
8677
7759
8399
8401
5819
9855
1786
4581
10057
2144
6125
3611
7610
5953
10241
7392
8516
3464
2419
7661
3107
11276
9584
1365
9846
3462
7332
4711
7932
7280
8187
7252
6324
3680
6036
9425
638
9425
638
7322
3647
8806
9851
7191
7948
6055
8071
1122
7317
9368
1977
4402
2632
4735
2002
7831
5730
4673
10219
10138
3353
8088
4863
1542
4863
4072
4321
3565
638
7322
3647
8806
9851
7191
2760
10670
10219
7000
8834
3244
1835
8053
5877
8638
2002
7831
5730
4673
10219
7000
8834
3244
4452
1247
8973
11158
4452
2932
4452
11158
2932
10908
7708
141
6650
2571
3074
10396
5825
5646
1744
10847
8504
1304
7636
7166
4263
10510
5369
11194
5369
1160
7423
8774
8863
526
9650
511
7166
7636
1304
6400
9789
8504
7975
4901
8070
1845
6056
1845
7316
1210
6060
4901
8070
1845
7316
2152
4552
6997
4208
6842
5192
539
2393
1396
6445
1396
2879
133
616
5038
1867
11342
6011
8979
9912
1436
9021
10456
9283
6732
2068
5540
9753
4080
6698
2057
2646
8237
8587
6011
8587
11313
9395
5599
9395
11313
2823
6258
186
7167
705
7734
6483
8002
1605
6252
10975
2692
5132
9793
6648
4443
4520
4443
6691
1704
8316
1704
3786
4855
8719
10166
5660
4113
2240
6821
4301
2493
3585
2870
3385
9091
6821
4301
2493
1412
7392
8516
3464
2419
7661
3107
11276
9584
1365
9846
3462
7332
4711
5032
3834
5984
3515
822
2559
8838
2559
822
10766
347
10766
822
3515
2829
7605
9641
8120
7875
8705
1502
9483
7968
5180
9023
5180
4982
3240
5776
10270
8797
3072
815
7115
8161
3407
4939
6902
10390
9911
5611
2741
2317
7665
6065
7143
9817
6742
9817
7143
3759
2236
9191
5433
6109
8526
8038
6763
7455
882
9628
36
11227
1021
7122
1734
10180
10579
2177
2402
7577
3843
217
4407
2650
6986
7669
9780
7455
882
9628
36
9474
932
4907
5607
6713
6096
1109
10958
1192
1195
3954
11246
435
8072
1451
6890
5218
707
3350
2329
6209
10610
5324
2737
3159
7354
7769
11265
3787
9285
10935
4310
545
8694
1566
11174
11179
1768
7461
5882
655
1768
7461
11232
8581
3739
6783
7508
7943
6783
7508
545
8694
4375
1104
4631
1104
8524
5535
10874
1566
11174
11179
1768
7461
11232
9698
5872
1785
10047
10563
7987
7020
9374
5114
8564
11135
10772
5535
10874
4985
11135
10772
10106
3888
6272
9915
4794
6494
2769
1200
6272
9915
4794
6494
2769
6110
10486
4998
7908
8562
6523
10095
10173
11162
5639
2455
10095
6523
3141
4388
5651
5326
7820
10606
5742
3141
4388
8562
6523
903
5671
6197
9662
6197
364
2721
3943
5078
9933
10454
1778
4186
3199
3583
6545
9097
5671
6197
364
2721
1095
10357
1095
1938
8264
5681
2502
1876
5925
7232
5681
11185
5681
7232
10425
4835
1938
10357
8892
8534
11018
3707
7582
5293
7582
3707
11018
3707
7582
5293
8841
5494
7155
1736
11190
1377
5697
4344
10729
711
9749
711
10729
5697
2997
3711
11190
2294
1377
8688
7454
11265
3787
9285
10935
4310
10935
9285
10935
4310
545
9985
11285
4310
545
9985
5639
2455
10173
2241
2425
1591
2425
459
2328
4436
4631
11162
2241
4436
11007
7710
10106
3888
7179
3606
2730
3888
7179
4076
9688
11007
8524
5535
10874
1566
8694
5535
10772
11135
8564
5114
3424
3025
214
7433
1035
8986
424
9904
6078
3133
351
662
351
4413
5968
4413
5606
17
9640
2583
9402
233
10523
10359
1695
706
2079
3022
4640
9337
3968
7754
6403
9498
7754
11156
7656
3471
7656
2201
1948
3728
7286
7928
3384
2957
8539
3354
635
10509
115
7024
9431
5398
7594
485
6923
11127
5340
6991
5340
2132
5670
4703
3543
462
464
462
11118
11172
1702
4090
6171
6375
11118
11172
4466
2282
8381
1100
152
3083
2366
1093
7706
1093
8529
4658
9468
6092
1036
3422
6739
2795
5672
3886
4495
6259
727
2422
10163
4614
10441
4903
5830
1528
3960
9219
10631
4352
9270
4287
7128
4287
7128
5303
7383
3960
2578
5497
6478
5161
10441
4903
5830
1528
3960
9219
4138
10399
2247
10399
6953
4352
9270
3995
9270
4287
135
3500
2181
6006
5061
5676
10538
5482
9014
567
8487
3319
5645
1486
9138
2545
10856
5288
1275
10181
418
5533
11110
5181
5257
9145
8514
5288
9711
898
7580
1425
2691
6828
302
7470
6514
4047
6766
4987
6514
4047
3640
6808
11116
5645
1486
9138
2545
10856
5288
8514
5524
10450
4398
7233
7113
4746
3163
626
199
8902
2353
4760
4681
7805
5964
10103
10684
2017
9895
6551
5571
5328
104
1684
11047
4158
6551
9895
1311
11006
626
199
8902
222
10665
3000
9282
2681
9282
3000
10665
222
2274
1963
10896
4449
1813
2514
8410
2603
677
8067
3608
5354
3803
5354
3803
4137
3803
997
13
1928
8796
6538
4601
6538
7207
8067
3608
5354
3803
4137
6235
6928
9890
5909
4811
7215
13
1928
8796
6538
4601
4265
7215
13
1928
8796
6538
9876
5992
677
878
8760
878
8672
3608
8067
7207
8796
6538
4601
4370
4098
10513
211
2618
866
1661
9470
3489
6715
7763
11326
9066
5797
5771
1559
7542
2703
3642
5589
7083
9669
5389
358
5389
358
1277
10845
9983
3039
7152
744
10167
10513
211
2618
866
3811
9590
4826
5096
6581
596
6581
358
1277
1935
3627
1935
4849
7083
9669
1559
5771
5797
5771
9204
3727
1567
9621
3489
4371
9470
3489
6715
7763
5828
3156
11326
9066
5797
5771
1559
7542
2981
6436
3764
11083
2099
11083
3764
6436
3854
2981
6436
3764
11083
8908
640
11202
5520
4202
2099
4616
3702
7266
8447
8738
869
9700
6522
4616
3702
7266
9554
5147
8269
2461
2886
7552
9534
8742
8269
5692
1853
5530
7707
3382
7612
3889
3842
10774
1659
4099
1901
9783
6190
1270
3285
854
3496
1853
5530
9635
3942
5313
10132
7371
395
6646
10520
6510
599
6510
4048
49
1340
8005
6646
10520
6510
599
10520
6510
7612
3889
3842
10774
1659
4099
1901
9783
6190
1270
3285
618
349
618
9783
6190
1270
2053
7442
167
4075
2196
5805
3854
2981
6436
3764
9175
8269
5692
1853
5530
7707
9960
10623
395
6646
10520
6510
7612
3889
3842
10774
1659
4099
1901
9783
6190
1270
2053
7442
2549
3627
10845
9983
5096
9983
3039
7152
744
10692
3872
85
5265
10502
8962
4748
1173
4077
2087
3703
6185
7956
5737
4639
11340
2919
10846
5346
10462
3790
6961
6379
4772
9154
10502
2788
9794
6370
4317
6667
3872
4604
3872
6667
4317
6142
2310
9297
9513
4643
3413
9726
5469
9726
734
3136
11004
3136
4201
3136
734
7474
9794
2788
5265
7078
2505
6379
4772
7078
2505
2089
4604
3797
10213
7117
8917
3797
744
2454
5631
10167
1335
2048
6733
4098
10513
211
2618
9876
1661
9470
3489
6715
596
5828
3156
11326
9066
5797
5771
9204
10028
9580
11327
2968
3148
2864
7841
9344
10599
7653
5362
8908
640
11202
5520
10767
2331
7923
2331
10767
5520
4202
640
11202
2331
1773
7695
6211
10328
6313
7923
2331
10767
1962
10767
817
8995
6967
1410
6820
3923
3450
8907
100
8121
6180
1293
1616
4236
8511
1616
731
1942
7229
8075
7695
6211
10328
6313
7923
1069
7072
7131
7072
1069
400
3352
400
4566
3341
9108
3341
9457
5799
10044
2172
5007
6409
6903
6573
4236
8511
7770
10060
4102
1689
9316
1532
4823
7606
7146
10413
2659
3649
19
5298
10332
4244
6156
1331
9477
4458
5131
9273
4045
2481
4830
9615
3241
5583
4624
6711
3150
3332
3150
9829
3150
6711
3150
9829
710
10542
5636
9198
8720
11289
7969
10714
9264
10820
9203
161
6673
10384
3745
10603
8592
373
10134
5620
1981
564
9239
6812
3809
2482
5334
9615
3241
9075
3809
945
9203
6673
10384
8865
899
3861
6290
1957
7477
9376
9574
2
2590
7124
466
5525
736
8049
3290
8918
960
3813
11186
828
8695
7460
4992
2790
8013
9574
3004
7525
10891
5525
736
8049
3290
10006
8626
1657
4860
1657
8626
10006
3290
8918
960
8918
3290
3429
3044
8358
3044
10479
8358
6390
6887
6610
4606
2184
10297
1151
9555
2841
4809
142
1892
9086
5013
3813
960
6086
4964
2756
4964
10479
8358
6390
6887
1966
10852
10632
10061
5358
7374
5358
10061
4883
7283
56
5741
1990
5613
7228
7222
7731
8776
7731
11314
5172
8321
1157
3021
779
22
779
22
10978
4498
5598
9049
1729
3193
5627
6228
3174
22
10978
4498
5598
6474
9049
1729
3193
2481
4830
5627
6228
8720
7751
10712
11180
30
4860
1657
8626
10006
3290
8918
6086
3429
1087
1782
3984
10632
5358
2391
9894
7374
5358
2391
6528
5474
10666
9820
6528
5474
6283
1389
9220
7095
1364
9182
7952
1691
7429
8642
8125
11160
7429
8642
8893
7375
1117
1775
7431
9249
955
9856
688
10087
11160
4783
1991
7063
10843
693
1743
3145
9409
3145
9409
9029
1743
3145
519
3329
4734
1364
9182
7952
9182
1364
4734
3329
11037
3661
11037
3329
4734
1364
9182
7952
1691
7429
1579
5244
1579
3863
5244
1323
7644
724
10957
10306
2224
2396
2224
10306
10957
7203
7644
724
10306
8434
10957
7644
1323
7429
8642
8125
955
9856
688
10087
11160
4783
7952
1691
2850
5198
2850
10539
10998
9647
7295
56
7295
2224
10539
10998
9647
7295
56
393
8117
6346
1406
10006
8049
3742
828
8695
7460
4992
2790
2590
8695
2590
7124
466
3742
828
8695
7460
10616
563
3198
5013
9086
2756
3767
3813
11186
10616
563
11311
6810
5823
6810
11311
563
3198
5013
8151
6222
789
5430
1232
2064
4605
4759
7773
4685
6605
9248
2339
2824
5021
8582
5823
6810
11311
563
3198
5013
8151
6222
7276
1725
9768
2081
11082
1145
3196
6643
1274
7630
747
6703
2005
8781
2064
4605
4759
7773
11311
563
3198
5013
8151
4534
7276
1725
3973
1725
9768
2081
3196
6643
1274
7630
2185
2980
9795
7445
3104
6937
769
4149
11248
10289
1941
2740
252
3303
10040
4369
6574
1544
4319
1544
6493
4109
4297
3299
4437
1344
2748
8056
2529
6574
6493
3299
4437
8139
1344
2748
5941
3576
8355
6987
2395
6428
3212
6007
1269
8470
2290
10184
8377
10183
3870
3308
8864
6353
10596
8035
107
5149
10797
1875
10950
1470
2125
7444
4267
10642
9208
10045
4001
10740
2361
9103
10642
9208
1651
5338
3823
3771
9552
508
4242
6859
1617
6859
537
10329
6846
10329
9552
508
810
1737
2752
3449
6533
3449
8676
8508
5227
1877
4904
9763
4904
9918
3302
5448
8474
10937
442
1766
3120
1766
3494
1790
8991
1790
9362
1523
4277
7783
8324
9733
105
2198
1884
4547
10321
10136
1262
4035
961
10981
10991
8485
1002
2143
9109
10882
7306
8517
2911
5751
2311
4572
1025
9529
2182
9328
1851
2745
255
2184
10297
10533
6887
6610
4606
2184
10297
10533
1151
9555
4809
142
1892
3497
6161
9529
2182
9328
1851
2745
255
4606
2184
10297
1151
9555
2841
1851
2745
10650
8948
1440
5720
2262
6074
5726
681
2327
6121
5345
7339
4002
8223
2022
4174
6924
4838
10112
4691
10142
501
8386
2971
5857
8378
6924
7357
4108
1767
3540
7571
5857
7571
3329
519
5513
1364
9182
7952
1691
7429
1579
3863
10539
724
10957
8776
11314
5172
8434
7203
5585
7375
1117
4125
8871
3699
7375
8893
1775
7431
9249
955
9249
3900
10761
9856
688
8078
7032
6407
95
9122
7431
3900
10761
6220
7032
8700
3738
2260
1219
5807
4306
1267
7201
3237
5330
366
3121
6240
8757
4977
1267
2225
10407
554
1612
4129
6482
4994
9900
700
6002
2211
4519
10335
693
10875
2066
370
3962
8229
3962
3145
9409
9029
10432
7063
5841
2894
3137
2894
5841
7063
10432
9409
9029
10432
7063
5841
6382
5280
86
11231
8078
7032
6407
95
9122
3981
4125
8871
3999
6619
8204
2014
3844
4409
3844
11151
10022
1529
8972
2532
6143
5371
8387
10883
8236
6474
9049
3332
1030
10416
4387
10416
1030
9174
8236
7341
1157
3021
779
7751
10712
11180
30
4860
1657
6346
1406
8626
4234
6758
2297
7525
10891
11205
2
2590
7124
11205
3004
7477
4845
8406
3815
2845
500
8865
899
3861
2297
7525
4234
30
4860
1000
7228
5613
1990
5613
5741
1990
2396
56
393
1000
7228
7222
3021
779
7751
10712
11180
30
4860
1657
8626
10006
3290
8918
960
3813
5013
8151
6222
789
3973
11082
1145
3196
6643
1274
6794
10145
7630
747
6703
7344
1232
2064
8781
2005
6703
10989
2064
4605
4759
7773
11311
563
3198
5013
8151
6222
7276
1725
9768
2257
6161
9529
2182
3497
4534
2257
6161
9529
1025
1453
5751
2197
4331
2311
4572
8942
6643
1274
7630
747
6703
2005
8781
2064
3832
9868
6447
4605
4759
7773
11311
4992
6810
7773
4685
6447
9868
592
5779
3104
1904
6130
2720
8933
384
6088
5982
6088
3001
11269
9712
7585
9918
3302
5448
3810
2234
11315
2234
4653
7640
10965
11315
6199
11315
6823
4303
1282
9418
2722
105
1255
9342
10110
1519
9418
5000
9260
5000
8205
3098
203
1429
404
10115
560
751
4694
2025
1133
7862
4172
3098
203
1429
203
952
5475
10965
7640
2123
6026
463
8994
121
883
6921
8477
3302
5448
8474
10937
7017
7674
4820
2911
5024
7564
6912
1939
4223
1939
6912
7564
5024
4573
5552
3983
6628
5552
2143
9109
8845
10882
7306
4573
6912
3067
1453
6244
1453
4163
6244
1440
8948
10650
6610
937
6073
937
1966
3126
1782
3984
10632
10852
3126
1782
3762
1406
10006
10519
3762
1406
10006
10519
1087
6390
3126
1782
3984
10632
6073
1713
8657
8594
9894
7374
8657
1713
4002
6618
7642
3952
2314
1389
4305
10666
9820
9894
7374
8657
8594
6618
7642
3952
2314
3952
2314
1389
6283
8792
10998
9647
7514
4883
6625
10010
393
8117
3984
6625
10061
4883
7283
7295
9647
8792
6283
6279
436
5198
2920
9220
7095
4734
7571
3540
11037
3962
3145
5513
1364
7095
8386
4464
2314
1389
6283
6279
2920
9182
1991
7063
10843
6382
5280
86
11231
8078
7032
6407
2946
2103
3674
1005
3844
11151
10022
9920
4409
4710
4231
4087
10535
2365
933
8832
10811
6886
2016
10942
4453
2749
10474
3589
5949
5371
10493
7341
8321
5172
9113
7375
5585
8678
9113
7375
1117
4125
8871
3699
5769
6024
5769
8321
1157
3021
779
22
10978
4498
5598
9049
1729
9829
710
4624
6711
4387
7384
6205
11076
6413
3746
10344
1121
1529
8972
7002
3395
11076
6413
3746
4710
4231
4087
10535
2365
1837
10811
5236
7221
6245
3901
8832
10811
6886
2016
10942
4453
641
4254
2749
10474
3589
5949
7931
959
9420
2575
1005
3844
11151
10022
9920
10344
1121
1529
8972
2532
6143
5371
10493
2014
386
9122
3981
3999
6619
8204
6024
6619
